item                                     mean     stderr   stddev   median   95%HPDlo 95%HPDup ACT      ESS      geometric-mean 
posterior                                -6825.36 1.147373 29.28913 -6824.44 -6886.15 -6772.03 55261.06 651.6342 NaN     
likelihood                               -6303.88 0.392411 10.87290 -6303.82 -6325.90 -6283.00 46904.53 767.7296 NaN     
prior                                    -521.478 1.067824 27.82929 -520.755 -574.803 -466.428 53017.29 679.2123 NaN     
treeLikelihood.I                         -1.01122 0.016927 0.849792 -0.79004 -2.63296 -0.00811 14287.56 2520.373 NaN     
treeLikelihood.all                       -57.7899 0.01277  0.723162 -57.6764 -59.2373 -56.5239 11228.17 3207.111 NaN     
treeLikelihood.animal                    -37.8752 0.012073 0.670416 -37.8152 -39.1074 -36.6796 11678.53 3083.434 NaN     
treeLikelihood.ashes                     -9.56848 0.00969  0.539485 -9.45642 -10.6062 -8.85429 11616.41 3099.924 NaN     
treeLikelihood.back_of                   -27.0865 0.019795 1.183635 -27.0124 -29.2708 -24.8989 10071.89 3575.296 NaN     
treeLikelihood.bad                       -51.3884 0.01423  0.853928 -51.2819 -53.0058 -49.8576 10000    3601     NaN     
treeLikelihood.bark_of                   -48.0868 0.019875 1.000761 -47.9606 -50.1872 -46.4352 14202.36 2535.492 NaN     
treeLikelihood.belly                     -65.3053 0.019824 1.033963 -65.2286 -67.2448 -63.3573 13236.70 2720.465 NaN     
treeLikelihood.big                       -40.1665 0.018963 0.966257 -40.0203 -42.2715 -38.6544 13868.49 2596.532 NaN     
treeLikelihood.bird                      -59.6129 0.015367 0.866771 -59.5405 -61.3894 -58.0887 11318.00 3181.656 NaN     
treeLikelihood.bite                      -38.0379 0.014953 0.819361 -37.9634 -39.6981 -36.5712 11992.83 3002.625 NaN     
treeLikelihood.black                     -63.6070 0.016926 0.898564 -63.5491 -65.3532 -61.9239 12776.47 2818.460 NaN     
treeLikelihood.blood                     -1.00006 0.016445 0.841991 -0.77674 -2.64998 -0.01127 13736.30 2621.519 NaN     
treeLikelihood.blow                      -20.2932 0.009451 0.55112  -20.1973 -21.2797 -19.4006 10590.35 3400.264 NaN     
treeLikelihood.bone                      -12.0067 0.010509 0.618831 -11.8934 -13.2828 -11.0350 10384.34 3467.719 NaN     
treeLikelihood.breathe                   -50.5335 0.015564 0.809826 -50.4303 -51.9824 -49.0454 13301.00 2707.313 NaN     
treeLikelihood.burn_tr                   -49.3457 0.01348  0.78109  -49.2515 -50.8229 -48.0110 10724.45 3357.746 NaN     
treeLikelihood.child                     -18.7975 0.009227 0.500055 -18.7123 -19.7222 -17.9838 12261.70 2936.785 NaN     
treeLikelihood.cloud                     -34.7290 0.018427 1.074493 -34.6666 -36.8179 -32.6608 10590.19 3400.315 NaN     
treeLikelihood.cold                      -26.9160 0.014801 0.858924 -26.7926 -28.6491 -25.3355 10693.09 3367.592 NaN     
treeLikelihood.come                      -11.8052 0.010964 0.591358 -11.6896 -12.8979 -10.8782 12378.55 2909.062 NaN     
treeLikelihood.count                     -35.2300 0.012124 0.65937  -35.1251 -36.4428 -34.1269 12173.98 2957.947 NaN     
treeLikelihood.cut                       -46.3138 0.01282  0.746978 -46.2432 -47.8373 -45.0462 10607.48 3394.771 NaN     
treeLikelihood.day                       -67.4186 0.017055 0.892572 -67.3462 -69.1885 -65.7459 13148.14 2738.788 NaN     
treeLikelihood.die                       -52.3296 0.014945 0.767891 -52.2286 -53.7952 -50.9734 13640.41 2639.949 NaN     
treeLikelihood.dig                       -71.8681 0.022299 1.08538  -71.6867 -73.9996 -69.8657 15198.99 2369.235 NaN     
treeLikelihood.dirty                     -62.0849 0.014865 0.87063  -61.9959 -63.7482 -60.4602 10497.54 3430.324 NaN     
treeLikelihood.dog                       -60.1124 0.01416  0.797926 -60.0113 -61.7188 -58.7796 11340.14 3175.444 NaN     
treeLikelihood.drink                     -43.6674 0.022069 1.156922 -43.5117 -46.1485 -41.7099 13103.12 2748.199 NaN     
treeLikelihood.dry                       -62.7256 0.013855 0.792303 -62.6205 -64.3192 -61.3388 11011.69 3270.158 NaN     
treeLikelihood.dull                      -18.6032 0.01056  0.572951 -18.5248 -19.6743 -17.6387 12231.69 2943.991 NaN     
treeLikelihood.dust                      -43.3055 0.015353 0.889263 -43.1652 -45.0696 -41.7424 10733.26 3354.989 NaN     
treeLikelihood.ear                       -22.0008 0.030645 1.465142 -22.3141 -23.9902 -18.6648 15753.39 2285.857 NaN     
treeLikelihood.earth                     -15.6539 0.011037 0.662323 -15.5361 -16.8953 -14.5758 10000    3601     NaN     
treeLikelihood.eat                       -0.98500 0.01693  0.832597 -0.76892 -2.61511 -0.00359 14889.71 2418.447 NaN     
treeLikelihood.egg                       -20.6313 0.012719 0.63661  -20.5468 -21.8719 -19.5389 14374.19 2505.184 NaN     
treeLikelihood.eye                       -9.62396 0.00862  0.517269 -9.51613 -10.6327 -8.91859 10000    3601     NaN     
treeLikelihood.fall                      -28.3666 0.012318 0.705947 -28.2192 -29.7919 -27.1745 10963.20 3284.622 NaN     
treeLikelihood.far                       -53.9329 0.01384  0.793636 -53.8201 -55.4703 -52.5638 10951.74 3288.059 NaN     
treeLikelihood.fat                       -8.97375 0.008655 0.508562 -8.86087 -9.96007 -8.28279 10429.16 3452.815 NaN     
treeLikelihood.father                    -31.8988 0.020203 0.912427 -31.7810 -33.8374 -30.4153 17654.76 2039.676 NaN     
treeLikelihood.fear                      -40.0110 0.027624 1.158669 -39.9569 -42.1803 -37.7037 20467.69 1759.357 NaN     
treeLikelihood.feather                   -47.2896 0.028038 1.323819 -47.1846 -49.8490 -44.7352 16153.07 2229.296 NaN     
treeLikelihood.few                       -54.4933 0.012987 0.673774 -54.4134 -55.7549 -53.2986 13378.71 2691.588 NaN     
treeLikelihood.fight                     -41.8265 0.012233 0.734089 -41.6709 -43.3580 -40.7232 10000    3601     NaN     
treeLikelihood.fire                      -27.3285 0.013284 0.762132 -27.2515 -28.7362 -25.9049 10939.89 3291.622 NaN     
treeLikelihood.fish                      -74.2484 0.016252 0.887585 -74.1603 -75.9430 -72.5833 12073.07 2982.669 NaN     
treeLikelihood.float                     -25.0564 0.01131  0.652127 -24.9695 -26.1999 -23.8561 10831.12 3324.679 NaN     
treeLikelihood.flow                      -50.3967 0.016057 0.895549 -50.2494 -52.1837 -48.7682 11576.23 3110.684 NaN     
treeLikelihood.flower                    -42.8497 0.014298 0.781617 -42.7618 -44.4639 -41.5332 12050.27 2988.314 NaN     
treeLikelihood.fly                       -33.7300 0.014822 0.88943  -33.6428 -35.3859 -32.0878 10000    3601     NaN     
treeLikelihood.fog                       -66.7470 0.02228  1.151698 -66.8089 -68.7451 -64.4870 13476.79 2671.999 NaN     
treeLikelihood.foot                      -13.2669 0.012464 0.609682 -13.1858 -14.4414 -12.2728 15048.66 2392.904 NaN     
treeLikelihood.fruit                     -18.8831 0.010026 0.601616 -18.8119 -20.0406 -17.8932 10000    3601     NaN     
treeLikelihood.give                      -29.4700 0.013461 0.7074   -29.3896 -30.8011 -28.2169 13039.21 2761.670 NaN     
treeLikelihood.good                      -43.5631 0.016225 0.888491 -43.4928 -45.3542 -41.9613 12008.44 2998.722 NaN     
treeLikelihood.grass                     -24.1742 0.014175 0.61429  -24.1111 -25.3269 -23.1011 19173.92 1878.071 NaN     
treeLikelihood.green                     -64.3727 0.012871 0.737671 -64.3087 -65.7010 -63.0105 10962.45 3284.847 NaN     
treeLikelihood.guts                      -9.78442 0.010206 0.555605 -9.69571 -10.7998 -8.93976 12151.30 2963.466 NaN     
treeLikelihood.hair                      -15.3898 0.01041  0.624676 -15.2956 -16.6245 -14.3937 10000    3601     NaN     
treeLikelihood.hand                      -1.01032 0.017146 0.83526  -0.78179 -2.65565 -0.00167 15173.65 2373.191 NaN     
treeLikelihood.he                        -36.2809 0.024226 1.232567 -36.3286 -38.5600 -33.6722 13911.23 2588.555 NaN     
treeLikelihood.head                      -33.5483 0.017191 0.992807 -33.4119 -35.5220 -31.8046 10796.77 3335.256 NaN     
treeLikelihood.hear                      -24.9653 0.013639 0.818477 -24.9361 -26.5035 -23.4119 10000    3601     NaN     
treeLikelihood.heart                     -14.6583 0.009579 0.54226  -14.6025 -15.6943 -13.7257 11236.94 3204.607 NaN     
treeLikelihood.heavy                     -29.6709 0.015015 0.799808 -29.5507 -31.2382 -28.3884 12691.69 2837.288 NaN     
treeLikelihood.here                      -0.92727 0.015143 0.781354 -0.72531 -2.41573 -0.00714 13526.27 2662.225 NaN     
treeLikelihood.hit                       -54.7552 0.019359 1.022096 -54.6703 -56.8030 -52.8315 12918.29 2787.519 NaN     
treeLikelihood.hold_in                   -47.0849 0.017758 0.932774 -47.0418 -48.8847 -45.3543 13051.27 2759.117 NaN     
treeLikelihood.how                       -36.2096 0.013095 0.727036 -36.0937 -37.6590 -34.9407 11681.24 3082.719 NaN     
treeLikelihood.hunt                      -68.1132 0.016587 0.918595 -68.0290 -69.9443 -66.4063 11740.90 3067.054 NaN     
treeLikelihood.husband                   -0.99963 0.016988 0.836926 -0.78445 -2.52118 -0.01352 14835.90 2427.219 NaN     
treeLikelihood.kill                      -43.1379 0.016009 0.896393 -42.9923 -44.8883 -41.6029 11485.48 3135.261 NaN     
treeLikelihood.know                      -34.8660 0.013652 0.813225 -34.7697 -36.4889 -33.3914 10148.50 3548.307 NaN     
treeLikelihood.lake                      -16.8937 0.010898 0.653953 -16.8201 -18.0967 -15.7437 10000    3601     NaN     
treeLikelihood.laugh                     -59.3865 0.022773 1.019435 -59.3162 -61.2804 -57.4054 17970.00 2003.895 NaN     
treeLikelihood.leaf                      -41.2004 0.014275 0.767813 -41.1329 -42.7338 -39.8599 12446.18 2893.256 NaN     
treeLikelihood.leg                       -46.3001 0.015538 0.877275 -46.2405 -48.0138 -44.6810 11295.83 3187.899 NaN     
treeLikelihood.lie_be_lying              -15.0923 0.011229 0.648972 -14.9816 -16.3421 -14.0761 10780.17 3340.390 NaN     
treeLikelihood.live                      -53.4594 0.013296 0.779704 -53.3347 -54.9554 -52.1802 10471.41 3438.886 NaN     
treeLikelihood.liver                     -16.4909 0.009654 0.516244 -16.3950 -17.4984 -15.7910 12593.13 2859.495 NaN     
treeLikelihood.long                      -51.3024 0.012824 0.722476 -51.2298 -52.5959 -50.0611 11345.72 3173.883 NaN     
treeLikelihood.louse                     -12.0092 0.010229 0.613829 -11.8925 -13.2403 -10.9651 10000    3601     NaN     
treeLikelihood.man                       -53.9509 0.024113 1.424817 -53.8697 -56.7734 -51.3440 10313.76 3491.450 NaN     
treeLikelihood.many                      -42.1539 0.013324 0.727084 -42.0640 -43.4876 -40.8343 12093.42 2977.651 NaN     
treeLikelihood.meat                      -1.01790 0.017492 0.870397 -0.78993 -2.69788 -0.00880 14542.82 2476.134 NaN     
treeLikelihood.mother                    -30.5483 0.012755 0.760481 -30.4483 -31.8990 -29.2055 10130.51 3554.608 NaN     
treeLikelihood.mountain                  -42.8011 0.01274  0.682326 -42.7380 -44.0958 -41.4963 12554.54 2868.284 NaN     
treeLikelihood.mouth                     -42.6812 0.018973 1.016837 -42.6158 -44.7296 -40.7167 12536.82 2872.338 NaN     
treeLikelihood.name                      -17.0607 0.009819 0.534448 -16.9524 -18.1230 -16.1899 12154.10 2962.785 NaN     
treeLikelihood.narrow                    -69.6792 0.018578 1.061059 -69.6206 -71.6366 -67.7136 11039.42 3261.943 NaN     
treeLikelihood.near                      -47.3130 0.013877 0.795887 -47.2199 -48.8713 -45.8720 10947.31 3289.390 NaN     
treeLikelihood.neck                      -5.59848 0.011876 0.647523 -5.39423 -6.83863 -4.95312 12113.66 2972.675 NaN     
treeLikelihood.new                       -27.7426 0.012458 0.704582 -27.6190 -29.0794 -26.5337 11258.19 3198.560 NaN     
treeLikelihood.night                     -50.2274 0.019718 1.03851  -50.1566 -52.2620 -48.2036 12981.22 2774.006 NaN     
treeLikelihood.nose                      -1.04132 0.018194 0.873242 -0.81920 -2.73929 -0.01493 15631.05 2303.747 NaN     
treeLikelihood.old                       -53.7833 0.016828 0.834639 -53.7096 -55.4206 -52.3316 14638.04 2460.027 NaN     
treeLikelihood.one                       -23.2298 0.010799 0.631287 -23.1431 -24.3771 -22.1943 10537.45 3417.332 NaN     
treeLikelihood.other                     -0.90490 0.015763 0.793521 -0.68373 -2.46187 -0.00613 14209.46 2534.226 NaN     
treeLikelihood.person                    -37.1531 0.016347 0.838122 -37.0924 -38.7015 -35.4342 13698.67 2628.721 NaN     
treeLikelihood.play                      -48.7557 0.013153 0.68888  -48.6420 -50.1763 -47.5852 13127.20 2743.158 NaN     
treeLikelihood.pull                      -22.4857 0.009775 0.571955 -22.3955 -23.5499 -21.6317 10518.23 3423.578 NaN     
treeLikelihood.push                      -43.8999 0.014686 0.786196 -43.7840 -45.3018 -42.3610 12565.19 2865.852 NaN     
treeLikelihood.rain                      -5.5884  0.011873 0.643185 -5.37362 -6.87896 -4.89450 12271.35 2934.477 NaN     
treeLikelihood.red                       -38.0371 0.012403 0.697338 -37.9556 -39.3112 -36.8420 11391.17 3161.219 NaN     
treeLikelihood.river                     -60.1128 0.025951 1.557297 -60.2099 -62.8676 -56.9999 10000    3601     NaN     
treeLikelihood.road                      -19.7023 0.012559 0.684423 -19.6292 -20.9893 -18.4261 12124.20 2970.092 NaN     
treeLikelihood.root                      -44.1826 0.015883 0.895842 -44.0467 -46.1277 -42.7116 11319.75 3181.164 NaN     
treeLikelihood.rope                      -47.5987 0.019289 0.925153 -47.4968 -49.4228 -45.9843 15652.97 2300.520 NaN     
treeLikelihood.rotten                    -39.8742 0.019203 0.996347 -39.7984 -41.8622 -38.0357 13376.71 2691.991 NaN     
treeLikelihood.rub                       -47.3712 0.012559 0.71493  -47.2558 -48.7991 -46.1933 11113.21 3240.285 NaN     
treeLikelihood.salt                      -65.9789 0.016742 0.90407  -65.8966 -67.7921 -64.3104 12348.42 2916.161 NaN     
treeLikelihood.sand                      -27.9807 0.017881 0.98795  -27.8682 -30.0858 -26.2752 11796.59 3052.576 NaN     
treeLikelihood.say                       -49.3818 0.013241 0.740839 -49.3113 -50.8798 -48.0787 11502.29 3130.679 NaN     
treeLikelihood.scratch_an                -29.3170 0.012969 0.772579 -29.1183 -30.7412 -28.2197 10147.27 3548.735 NaN     
treeLikelihood.see                       -29.0571 0.011682 0.675414 -28.9651 -30.4275 -27.8548 10772.28 3342.838 NaN     
treeLikelihood.seed                      -24.4870 0.01635  0.91226  -24.3759 -26.3292 -22.8368 11567.36 3113.069 NaN     
treeLikelihood.sew                       -23.8940 0.011077 0.63057  -23.7914 -25.0727 -22.8090 11111.38 3240.820 NaN     
treeLikelihood.sharp                     -35.0811 0.011107 0.63768  -34.9895 -36.3673 -34.0230 10924.43 3296.281 NaN     
treeLikelihood.short                     -80.4652 0.017557 0.931997 -80.3605 -82.3158 -78.7212 12778.86 2817.934 NaN     
treeLikelihood.sing                      -47.8011 0.013516 0.760108 -47.7163 -49.3259 -46.5434 11385.82 3162.704 NaN     
treeLikelihood.sit                       -29.2400 0.013428 0.805807 -29.1047 -30.8650 -27.9858 10000    3601     NaN     
treeLikelihood.skin_of                   -26.2125 0.012945 0.776792 -26.0402 -27.6728 -24.9597 10000    3601     NaN     
treeLikelihood.sky                       -12.8572 0.011223 0.609066 -12.7339 -14.0406 -11.9175 12225.98 2945.364 NaN     
treeLikelihood.sleep                     -1.01535 0.019463 0.843166 -0.79799 -2.64266 -0.00554 19187.75 1876.718 NaN     
treeLikelihood.small                     -71.8896 0.021863 1.21609  -71.8419 -74.3828 -69.3572 11638.69 3093.989 NaN     
treeLikelihood.smell_tr                  -0.97418 0.016485 0.838012 -0.74242 -2.62901 -0.00591 13935.47 2584.052 NaN     
treeLikelihood.smoke                     -28.8096 0.011787 0.660466 -28.7315 -30.0265 -27.6966 11468.75 3139.834 NaN     
treeLikelihood.smooth                    -53.1283 0.018718 0.875369 -53.1176 -54.7773 -51.3007 16464.64 2187.110 NaN     
treeLikelihood.snake                     -29.2318 0.014605 0.749898 -29.1492 -30.6543 -27.8613 13659.35 2636.288 NaN     
treeLikelihood.some                      -30.0491 0.015529 0.880973 -30.0257 -31.6275 -28.3938 11189.39 3218.227 NaN     
treeLikelihood.spit                      -40.4940 0.011751 0.663958 -40.3724 -41.8253 -39.4327 11279.14 3192.619 NaN     
treeLikelihood.split                     -47.2324 0.014132 0.848026 -47.0431 -48.7521 -45.9309 10000    3601     NaN     
treeLikelihood.squeeze                   -41.5144 0.014893 0.851387 -41.4075 -43.2941 -40.1165 11019.16 3267.942 NaN     
treeLikelihood.stab_or                   -48.5064 0.012593 0.719122 -48.3888 -49.9461 -47.3508 11043.56 3260.722 NaN     
treeLikelihood.stand                     -0.94692 0.016644 0.837049 -0.70311 -2.52770 -0.00354 14237.09 2529.308 NaN     
treeLikelihood.star                      -27.6955 0.013771 0.786729 -27.6645 -29.2495 -26.2534 11032.49 3263.993 NaN     
treeLikelihood.stick_of                  -14.1165 0.011016 0.636229 -14.0235 -15.1910 -13.0568 10796.37 3335.377 NaN     
treeLikelihood.stone                     -79.3602 0.016404 0.842512 -79.2566 -80.9103 -77.7189 13651.73 2637.759 NaN     
treeLikelihood.straight                  -50.5211 0.01943  0.878209 -50.4288 -52.2867 -49.0080 17627.47 2042.833 NaN     
treeLikelihood.suck                      -31.5185 0.014001 0.707733 -31.4247 -32.9049 -30.3074 14093.88 2555.008 NaN     
treeLikelihood.sun                       -30.9099 0.012914 0.759521 -30.7899 -32.3453 -29.6463 10410.12 3459.130 NaN     
treeLikelihood.swell                     -47.8385 0.012255 0.665707 -47.7615 -49.1119 -46.6691 12202.79 2950.963 NaN     
treeLikelihood.swim                      -57.1666 0.017418 0.966664 -57.0589 -59.0646 -55.3035 11692.07 3079.864 NaN     
treeLikelihood.tail                      -29.3833 0.012867 0.647611 -29.3071 -30.6035 -28.2525 14215.82 2533.091 NaN     
treeLikelihood.they                      -39.5911 0.022972 1.178633 -39.5364 -41.7519 -37.0435 13678.90 2632.520 NaN     
treeLikelihood.thick                     -55.0881 0.019085 1.040962 -55.0752 -56.9616 -52.9148 12103.74 2975.113 NaN     
treeLikelihood.thin                      -85.0770 0.03042  1.353403 -85.1171 -87.5431 -82.3622 18192.83 1979.351 NaN     
treeLikelihood.think                     -9.31753 0.008625 0.499788 -9.20996 -10.3134 -8.59592 10725.15 3357.528 NaN     
treeLikelihood.this                      -28.3337 0.012337 0.719558 -28.2431 -29.7246 -27.1522 10585.68 3401.763 NaN     
treeLikelihood.thou                      -1.03939 0.01811  0.883139 -0.80797 -2.68579 -0.00364 15142.18 2378.125 NaN     
treeLikelihood.throw                     -45.7341 0.022251 1.101088 -45.6756 -47.9125 -43.6013 14704.91 2448.841 NaN     
treeLikelihood.tie                       -11.4729 0.01013  0.600319 -11.3682 -12.6445 -10.4794 10252.72 3512.235 NaN     
treeLikelihood.tongue                    -1.00902 0.016747 0.838936 -0.80431 -2.67092 -0.00424 14348.77 2509.621 NaN     
treeLikelihood.tooth                     -21.7390 0.015568 0.800549 -21.5909 -23.3560 -20.4470 13617.42 2644.405 NaN     
treeLikelihood.tree                      -35.1510 0.016836 0.927544 -35.0024 -37.0251 -33.5255 11864.04 3035.220 NaN     
treeLikelihood.turn_intr                 -56.9028 0.012129 0.665113 -56.8238 -58.2465 -55.8175 11976.08 3006.825 NaN     
treeLikelihood.two                       -10.9346 0.01247  0.74088  -10.7912 -12.3264 -9.78534 10200.85 3530.095 NaN     
treeLikelihood.vomit                     -24.7626 0.010761 0.626856 -24.6829 -25.8528 -23.6748 10612.06 3393.307 NaN     
treeLikelihood.walk                      -39.2339 0.015604 0.914847 -39.1243 -41.0371 -37.6865 10476.37 3437.258 NaN     
treeLikelihood.warm_hot                  -46.0348 0.015096 0.840798 -45.9344 -47.5947 -44.5067 11608.11 3102.140 NaN     
treeLikelihood.wash                      -47.0649 0.014381 0.838125 -46.9925 -48.6291 -45.4601 10602.46 3396.380 NaN     
treeLikelihood.water                     -61.2227 0.017434 0.963686 -61.1412 -63.1819 -59.4285 11785.47 3055.455 NaN     
treeLikelihood.we                        -7.34595 0.009728 0.541149 -7.16182 -8.53355 -6.73345 11637.48 3094.311 NaN     
treeLikelihood.wet                       -27.9248 0.010515 0.590557 -27.8460 -29.0014 -26.9121 11416.50 3154.206 NaN     
treeLikelihood.what                      -17.8879 0.010417 0.599534 -17.7810 -19.1085 -17.0468 10871.94 3312.195 NaN     
treeLikelihood.when                      -25.5333 0.010334 0.585937 -25.4374 -26.6321 -24.5379 11200.65 3214.991 NaN     
treeLikelihood.where                     -61.9355 0.015078 0.848524 -61.8426 -63.6653 -60.3829 11371.19 3166.773 NaN     
treeLikelihood.white                     -27.6214 0.011478 0.614436 -27.5435 -28.6889 -26.5554 12566.27 2865.606 NaN     
treeLikelihood.who                       -8.63429 0.009642 0.50574  -8.53014 -9.54681 -7.91854 13088.28 2751.314 NaN     
treeLikelihood.wide                      -47.1743 0.016409 0.909966 -47.1474 -48.9499 -45.4116 11709.08 3075.389 NaN     
treeLikelihood.wife                      -32.6562 0.012712 0.743112 -32.5290 -34.1095 -31.4257 10537.24 3417.402 NaN     
treeLikelihood.wind                      -49.3470 0.013518 0.723666 -49.2887 -50.7798 -47.9988 12566.10 2865.645 NaN     
treeLikelihood.wing                      -22.7324 0.012112 0.639691 -22.6462 -23.9989 -21.6706 12908.60 2789.611 NaN     
treeLikelihood.wipe                      -57.7579 0.018013 0.926356 -57.7045 -59.5933 -55.9949 13615.76 2644.728 NaN     
treeLikelihood.woman                     -38.7647 0.01178  0.700345 -38.6990 -40.1584 -37.4969 10188.50 3534.374 NaN     
treeLikelihood.woods                     -14.5231 0.009779 0.568061 -14.4566 -15.5618 -13.5118 10672.29 3374.155 NaN     
treeLikelihood.worm_ie                   -0.99880 0.01748  0.843985 -0.78921 -2.57039 -0.01525 15446.29 2331.302 NaN     
treeLikelihood.ye_you                    -22.8970 0.0147   0.774862 -22.8357 -24.5408 -21.3906 12960.97 2778.340 NaN     
treeLikelihood.year                      -26.1044 0.01188  0.668106 -26.0210 -27.4014 -25.0311 11386.34 3162.559 NaN     
treeLikelihood.yellow                    -43.8458 0.01803  0.985646 -43.6686 -46.0497 -42.2522 12049.76 2988.440 NaN     
Tree.t:tree.height                       1795.405 5.140928 214.6921 1772.715 1390.570 2220.991 20647.80 1744.010 1782.931
Tree.t:tree.treeLength                   15254.65 35.15183 1398.544 15159.09 12612.41 18037.78 22749.21 1582.912 15191.67
mutationRate.s:I                         0.12994  0.003428 0.170722 0.068977 0.000228 0.462405 14518.02 2480.365 0.064315
mutationRate.s:all                       5.709004 0.072369 3.683571 4.724364 0.949914 13.14458 13899.33 2590.770 4.695133
mutationRate.s:animal                    1.321543 0.018162 0.980552 1.012062 0.173005 3.271778 12354.60 2914.701 1.032169
mutationRate.s:ashes                     0.363063 0.00671  0.366311 0.23143  0.01765  1.128262 12082.59 2980.319 0.232771
mutationRate.s:back_of                   0.9848   0.012014 0.645129 0.797595 0.168937 2.316285 12487.64 2883.650 0.828089
mutationRate.s:bad                       1.72873  0.023142 1.115545 1.404277 0.352029 4.020485 15497.29 2323.632 1.465993
mutationRate.s:bark_of                   2.345355 0.021926 0.92215  2.176996 0.802195 4.192326 20358.17 1768.822 2.177829
mutationRate.s:belly                     2.383597 0.025248 1.330205 2.008588 0.653657 5.233137 12972.57 2775.855 2.090507
mutationRate.s:big                       1.017577 0.015466 0.852511 0.743824 0.131063 2.708044 11852.19 3038.256 0.782772
mutationRate.s:bird                      2.645061 0.032201 1.69296  2.125562 0.589434 6.271112 13028.02 2764.042 2.220295
mutationRate.s:bite                      1.571516 0.020512 1.060152 1.255149 0.25827  3.713947 13480.23 2671.317 1.277796
mutationRate.s:black                     3.332087 0.034176 1.802334 2.961698 0.664965 6.806188 12947.87 2781.151 2.890778
mutationRate.s:blood                     0.12783  0.003366 0.171248 0.067295 0.000436 0.463713 13911.73 2588.462 0.063933
mutationRate.s:blow                      0.838838 0.01196  0.671778 0.610301 0.068094 2.203775 11414.59 3154.734 0.616752
mutationRate.s:bone                      0.592346 0.007922 0.432674 0.500726 0.025748 1.416307 12070.63 2983.272 0.440301
mutationRate.s:breathe                   3.002078 0.034379 1.693034 2.771736 0.486218 6.225118 14848.14 2425.218 2.52673 
mutationRate.s:burn_tr                   2.752821 0.03308  1.636992 2.551535 0.29649  5.719224 14704.76 2448.865 2.254248
mutationRate.s:child                     0.708565 0.01159  0.598087 0.508537 0.050182 1.908544 13521.84 2663.099 0.502008
mutationRate.s:cloud                     1.201436 0.016338 0.920737 0.852416 0.165497 3.071744 11338.86 3175.802 0.911756
mutationRate.s:cold                      1.185497 0.013608 0.660934 1.098701 0.13497  2.42148  15264.99 2358.992 0.990998
mutationRate.s:come                      0.461198 0.006881 0.377564 0.351531 0.026004 1.220342 11960.86 3010.651 0.32736 
mutationRate.s:count                     3.233119 0.044823 2.373879 2.576033 0.354483 7.757765 12838.38 2804.869 2.485867
mutationRate.s:cut                       1.460983 0.02151  1.188574 0.974297 0.183913 3.864062 11793.26 3053.437 1.119294
mutationRate.s:day                       2.579469 0.029973 1.55239  2.158806 0.612274 5.595325 13424.32 2682.443 2.223085
mutationRate.s:die                       2.893961 0.036397 1.848953 2.490081 0.358572 6.385766 13954.12 2580.599 2.358896
mutationRate.s:dig                       7.711069 0.103293 5.231564 6.836624 1.430911 15.02479 14037.95 2565.189 6.723843
mutationRate.s:dirty                     3.53121  0.043352 2.19376  2.897729 0.682654 8.127629 14062.37 2560.734 2.954939
mutationRate.s:dog                       3.480172 0.037984 1.86283  3.049737 0.819529 6.937735 14972.12 2405.136 3.063135
mutationRate.s:drink                     1.373923 0.020418 1.080723 0.996583 0.196888 3.707398 12853.49 2801.572 1.07832 
mutationRate.s:dry                       3.99669  0.042676 2.253139 3.563672 0.776579 8.272617 12918.53 2787.467 3.398   
mutationRate.s:dull                      0.944776 0.015861 0.854832 0.616756 0.08843  2.697918 12397.65 2904.582 0.673565
mutationRate.s:dust                      2.55201  0.026378 1.201473 2.360217 0.5985   4.921784 17356.87 2074.682 2.280216
mutationRate.s:ear                       0.88648  0.01407  0.640428 0.770322 0.046707 2.104151 17380.29 2071.886 0.653752
mutationRate.s:earth                     0.646825 0.007901 0.428626 0.554284 0.04015  1.458442 12235.63 2943.043 0.51154 
mutationRate.s:eat                       0.124782 0.003364 0.164699 0.06721  0.000229 0.445439 15019.07 2397.618 0.062206
mutationRate.s:egg                       0.670478 0.010033 0.541512 0.505486 0.041593 1.752343 12360.68 2913.269 0.482693
mutationRate.s:eye                       0.443036 0.00743  0.363043 0.351013 0.012236 1.138584 15083.58 2387.362 0.309414
mutationRate.s:fall                      1.175885 0.015327 0.725884 1.039231 0.090522 2.547144 16055.26 2242.877 0.952681
mutationRate.s:far                       2.35553  0.02948  1.530046 1.986279 0.317609 5.381726 13368.21 2693.702 1.917538
mutationRate.s:fat                       0.51893  0.007892 0.432516 0.405604 0.020707 1.337194 11988.50 3003.711 0.363194
mutationRate.s:father                    1.068112 0.021164 0.907927 0.700482 0.109148 3.005921 19565.98 1840.438 0.783889
mutationRate.s:fear                      1.519367 0.013179 0.655823 1.402204 0.454202 2.842367 14540.77 2476.484 1.389348
mutationRate.s:feather                   2.740827 0.024115 1.019251 2.652052 0.942694 4.874489 20156.96 1786.479 2.54464 
mutationRate.s:few                       1.830311 0.025116 1.341789 1.335136 0.305811 4.584347 12617.46 2853.979 1.444708
mutationRate.s:fight                     2.698426 0.033523 1.732894 2.271213 0.364443 6.246539 13475.95 2672.166 2.235424
mutationRate.s:fire                      1.05026  0.012714 0.673011 0.937844 0.09269  2.326548 12850.81 2802.156 0.833298
mutationRate.s:fish                      4.269475 0.049892 2.613703 3.679601 0.782323 9.357901 13121.36 2744.378 3.55209 
mutationRate.s:float                     1.060322 0.017283 0.936462 0.719582 0.11113  3.048888 12264.79 2936.046 0.783075
mutationRate.s:flow                      6.067804 0.193767 8.619291 4.556774 0.808219 13.85589 18198.58 1978.725 4.712423
mutationRate.s:flower                    1.613388 0.018399 1.029381 1.340195 0.212515 3.659728 11504.74 3130.012 1.333856
mutationRate.s:fly                       1.146677 0.017341 0.918102 0.864109 0.211563 3.127022 12845.90 2803.228 0.910044
mutationRate.s:fog                       7.172077 0.109462 5.782365 6.094805 1.208114 15.53981 12904.46 2790.506 5.842353
mutationRate.s:foot                      0.349163 0.007408 0.344942 0.228115 0.009083 1.042951 16609.95 2167.976 0.222073
mutationRate.s:fruit                     0.824299 0.011096 0.591207 0.703194 0.047966 1.915462 12684.29 2838.943 0.620718
mutationRate.s:give                      1.705862 0.020259 0.98749  1.543725 0.269974 3.678416 15155.59 2376.020 1.437014
mutationRate.s:good                      1.706112 0.021366 1.11266  1.388811 0.27654  3.99863  13278.18 2711.966 1.431072
mutationRate.s:grass                     0.892969 0.014159 0.754016 0.606233 0.06913  2.43709  12697.90 2835.900 0.637268
mutationRate.s:green                     2.602139 0.033741 1.894747 1.867129 0.549522 6.529033 11419.47 3153.385 2.07424 
mutationRate.s:guts                      0.412388 0.008471 0.42607  0.263077 0.014011 1.303703 14233.12 2530.013 0.25791 
mutationRate.s:hair                      0.743677 0.009599 0.516817 0.64175  0.058094 1.744815 12422.34 2898.809 0.57402 
mutationRate.s:hand                      0.127153 0.003326 0.163261 0.067165 0.000113 0.445172 14946.97 2409.182 0.06318 
mutationRate.s:he                        2.086054 0.02035  0.876068 1.984016 0.482493 3.837838 19430.50 1853.271 1.896374
mutationRate.s:head                      1.900538 0.018114 0.80215  1.784282 0.521833 3.492439 18362.96 1961.012 1.735655
mutationRate.s:hear                      1.118131 0.016814 0.918488 0.80843  0.106991 2.935219 12066.86 2984.205 0.799222
mutationRate.s:heart                     0.563196 0.008865 0.499655 0.380782 0.023829 1.541092 11335.60 3176.715 0.382914
mutationRate.s:heavy                     1.379528 0.01511  0.743561 1.242306 0.240409 2.809023 14870.53 2421.566 1.192134
mutationRate.s:here                      0.138327 0.003398 0.175806 0.074754 0.000252 0.486901 13455.54 2676.219 0.06894 
mutationRate.s:hit                       2.526603 0.029959 1.466094 2.161769 0.612997 5.426045 15036.57 2394.827 2.199419
mutationRate.s:hold_in                   3.814067 0.042352 2.237494 3.321191 0.834014 8.230145 12901.40 2791.168 3.234391
mutationRate.s:how                       3.043149 0.042933 1.929825 2.570041 0.449449 6.801258 17822.88 2020.435 2.502626
mutationRate.s:hunt                      4.816108 0.05725  2.999766 4.063164 0.951051 10.32182 13115.97 2745.506 4.131221
mutationRate.s:husband                   0.12822  0.003345 0.166261 0.07016  0.000533 0.432773 14573.16 2470.980 0.065124
mutationRate.s:kill                      0.940273 0.014879 0.692987 0.729845 0.137897 2.428647 16601.11 2169.131 0.771289
mutationRate.s:know                      1.34423  0.018603 0.994078 1.026684 0.193764 3.521853 12610.76 2855.497 1.083081
mutationRate.s:lake                      0.522345 0.008779 0.486282 0.341421 0.032319 1.513183 11735.83 3068.380 0.357942
mutationRate.s:laugh                     2.768428 0.024958 1.223691 2.507399 0.887753 5.114795 14979.33 2403.978 2.539449
mutationRate.s:leaf                      1.549571 0.019155 1.046546 1.193092 0.297431 3.746581 12063.66 2984.995 1.273748
mutationRate.s:leg                       2.105399 0.021855 1.1344   1.980587 0.417787 4.301739 13366.26 2694.095 1.7953  
mutationRate.s:lie_be_lying              0.7936   0.010025 0.553226 0.675018 0.041533 1.858577 11823.53 3045.620 0.612564
mutationRate.s:live                      6.445644 0.090983 4.306322 5.618383 0.764113 14.19004 16074.36 2240.212 5.1644  
mutationRate.s:liver                     0.657897 0.009506 0.531315 0.523357 0.047006 1.700867 11527.12 3123.937 0.462284
mutationRate.s:long                      3.182414 0.039854 2.010346 2.817548 0.444273 6.966677 14151.92 2544.530 2.569488
mutationRate.s:louse                     0.59039  0.008791 0.438238 0.492361 0.023007 1.418379 14490.51 2485.074 0.438775
mutationRate.s:man                       1.679105 0.018584 0.974452 1.4175   0.480986 3.712371 13097.46 2749.386 1.479644
mutationRate.s:many                      1.783206 0.02425  1.170227 1.470562 0.250373 4.115341 15463.67 2328.682 1.462311
mutationRate.s:meat                      0.131856 0.00365  0.176039 0.069088 0.000304 0.470634 15478.31 2326.481 0.065031
mutationRate.s:mother                    1.605457 0.017864 0.944184 1.483951 0.182898 3.404184 12890.79 2793.465 1.318001
mutationRate.s:mountain                  1.282119 0.017574 0.907887 1.051889 0.171392 3.035978 13493.07 2668.775 0.993645
mutationRate.s:mouth                     1.720187 0.020717 1.05842  1.489559 0.287667 3.77529  13796.41 2610.098 1.423511
mutationRate.s:name                      0.661924 0.010639 0.558073 0.482721 0.036051 1.76905  13086.42 2751.706 0.459697
mutationRate.s:narrow                    9.465658 0.123528 6.961704 7.585903 0.897008 23.13886 11337.63 3176.148 7.344899
mutationRate.s:near                      1.74764  0.022138 1.116282 1.477044 0.313493 3.992117 14162.79 2542.577 1.466022
mutationRate.s:neck                      0.207182 0.004159 0.21879  0.137081 0.002279 0.61345  13012.82 2767.270 0.129701
mutationRate.s:new                       1.419476 0.018155 0.934876 1.209422 0.115572 3.227    13580.12 2651.668 1.13567 
mutationRate.s:night                     2.965383 0.028182 1.354993 2.787328 0.711813 5.599428 15577.23 2311.706 2.656994
mutationRate.s:nose                      0.133186 0.003554 0.17493  0.070716 0.000968 0.483636 14863.22 2422.757 0.065725
mutationRate.s:old                       2.451002 0.028564 1.466064 2.205    0.374467 5.137664 13669.95 2634.244 2.013361
mutationRate.s:one                       1.076432 0.014252 0.76521  0.925394 0.122812 2.567738 12492.16 2882.605 0.817697
mutationRate.s:other                     0.146116 0.003918 0.197742 0.076708 0.000544 0.524818 14134.38 2547.687 0.072199
mutationRate.s:person                    1.6823   0.020607 1.127149 1.341446 0.267632 3.886058 12036.45 2991.745 1.351077
mutationRate.s:play                      4.014241 0.049993 2.720147 3.249816 0.554397 9.761567 12163.27 2960.550 3.250923
mutationRate.s:pull                      1.203645 0.016362 0.92513  0.895945 0.103296 3.053325 11264.44 3196.783 0.897696
mutationRate.s:push                      2.719594 0.034762 1.750903 2.233885 0.491872 6.258393 14193.72 2537.036 2.254907
mutationRate.s:rain                      0.218099 0.004175 0.222037 0.146613 0.002459 0.657018 12731.30 2828.461 0.1365  
mutationRate.s:red                       1.658407 0.022521 1.245324 1.19546  0.246137 4.249985 11777.34 3057.564 1.295653
mutationRate.s:river                     1.892637 0.027515 1.338891 1.427581 0.446801 4.783619 15208.47 2367.759 1.560813
mutationRate.s:road                      0.50937  0.008557 0.446677 0.34442  0.03135  1.426535 13214.96 2724.940 0.354207
mutationRate.s:root                      2.776016 0.027786 1.251069 2.541837 0.676989 5.260897 17763.01 2027.245 2.511976
mutationRate.s:rope                      3.243688 0.033082 1.647751 3.089507 0.574985 6.31286  14515.62 2480.775 2.79736 
mutationRate.s:rotten                    1.398335 0.017335 0.906228 1.132961 0.188194 3.190395 13175.79 2733.041 1.160128
mutationRate.s:rub                       4.935413 0.071523 3.689961 3.766238 0.560065 12.30267 13529.31 2661.628 3.8525  
mutationRate.s:salt                      2.962243 0.028608 1.462769 2.616331 0.970249 5.89207  13773.09 2614.517 2.681684
mutationRate.s:sand                      1.169637 0.014451 0.672596 1.056809 0.139205 2.429785 16623.33 2166.231 0.97934 
mutationRate.s:say                       2.173653 0.034005 1.519004 1.648826 0.41284  5.3771   18046.20 1995.433 1.777943
mutationRate.s:scratch_an                2.215309 0.025071 1.248071 2.004931 0.248223 4.597165 14530.43 2478.246 1.85488 
mutationRate.s:see                       1.186373 0.015873 0.876224 0.907215 0.127472 2.919709 11816.37 3047.466 0.936391
mutationRate.s:seed                      1.014903 0.013705 0.7779   0.751116 0.13611  2.689076 11177.41 3221.675 0.781851
mutationRate.s:sew                       1.674911 0.022936 1.102593 1.44054  0.168242 3.787922 15582.29 2310.956 1.332545
mutationRate.s:sharp                     1.87605  0.025719 1.396536 1.507768 0.160406 4.482716 12212.97 2948.502 1.413853
mutationRate.s:short                     7.121199 0.084082 4.443908 6.157901 1.427927 15.32019 12891.50 2793.313 6.093833
mutationRate.s:sing                      2.173649 0.032316 1.73889  1.621531 0.296333 5.781916 12436.63 2895.476 1.666762
mutationRate.s:sit                       1.910749 0.022269 1.101486 1.758867 0.17727  3.904785 14718.64 2446.557 1.586039
mutationRate.s:skin_of                   1.353175 0.013513 0.735086 1.271127 0.156803 2.693857 12168.00 2959.401 1.143307
mutationRate.s:sky                       0.450586 0.007316 0.383757 0.337475 0.018223 1.170541 13088.50 2751.269 0.319782
mutationRate.s:sleep                     0.130418 0.004232 0.172259 0.069929 0.000382 0.451248 21729.59 1657.187 0.066016
mutationRate.s:small                     4.449291 0.043779 1.805017 4.113963 1.190718 8.069519 21183.34 1699.920 4.095025
mutationRate.s:smell_tr                  0.133926 0.003369 0.173455 0.071049 7.68E-5  0.470665 13585.93 2650.534 0.066333
mutationRate.s:smoke                     0.968832 0.012329 0.692011 0.846768 0.07184  2.25014  11430.46 3150.353 0.723129
mutationRate.s:smooth                    2.990746 0.032928 1.779024 2.457232 0.725483 6.682336 12336.77 2918.914 2.560703
mutationRate.s:snake                     1.067482 0.01359  0.678318 0.951372 0.095011 2.362595 14454.34 2491.291 0.851204
mutationRate.s:some                      11.07912 0.544347 27.9259  6.210557 0.458995 29.21785 13682.33 2631.860 6.553302
mutationRate.s:spit                      3.251651 0.050759 2.366672 2.611196 0.317292 8.012089 16564.03 2173.986 2.559908
mutationRate.s:split                     5.295899 0.060998 2.944415 4.890104 0.80463  10.96877 15454.39 2330.080 4.458132
mutationRate.s:squeeze                   2.484643 0.03651  1.822676 1.945529 0.362422 6.136886 14449.06 2492.203 2.027196
mutationRate.s:stab_or                   3.099341 0.045738 2.374384 2.352764 0.295576 7.813644 13361.83 2694.988 2.381148
mutationRate.s:stand                     0.146051 0.003933 0.195099 0.075982 0.000323 0.516952 14631.34 2461.154 0.071064
mutationRate.s:star                      1.061585 0.01481  0.835753 0.753938 0.099864 2.78143  11307.37 3184.647 0.788628
mutationRate.s:stick_of                  0.561554 0.010307 0.527039 0.35356  0.027522 1.644281 13771.01 2614.912 0.377879
mutationRate.s:stone                     7.640756 0.088219 4.811329 6.234235 1.697577 18.02187 12106.40 2974.458 6.429106
mutationRate.s:straight                  3.326657 0.037854 1.943102 2.772927 0.771311 7.137159 13666.56 2634.897 2.846934
mutationRate.s:suck                      1.371957 0.018642 0.948945 1.11191  0.176381 3.301402 13896.53 2591.293 1.089541
mutationRate.s:sun                       1.46232  0.016838 0.882282 1.327961 0.140287 3.12222  13116.37 2745.423 1.188974
mutationRate.s:swell                     3.234141 0.040779 2.113925 2.649331 0.540168 7.595184 13400.38 2687.235 2.647441
mutationRate.s:swim                      3.332227 0.036868 1.694021 2.968992 0.687205 6.658491 17056.41 2111.229 2.94613 
mutationRate.s:tail                      1.063998 0.016061 0.799284 0.845516 0.080751 2.546396 14540.93 2476.457 0.808147
mutationRate.s:they                      2.473203 0.023213 0.96132  2.356009 0.774803 4.346737 20996.30 1715.063 2.291101
mutationRate.s:thick                     3.021267 0.033343 1.791194 2.557873 0.746769 6.56534  12478.06 2885.864 2.631778
mutationRate.s:thin                      3.680044 0.040416 2.071835 3.215963 0.812799 7.603033 13702.86 2627.917 3.218138
mutationRate.s:think                     0.475264 0.007608 0.389624 0.376925 0.009362 1.215402 13728.48 2623.014 0.333632
mutationRate.s:this                      1.714217 0.022925 1.145744 1.476006 0.187303 3.945493 14416.44 2497.842 1.362402
mutationRate.s:thou                      0.136012 0.00374  0.182034 0.070321 0.000209 0.475423 15197.70 2369.436 0.066071
mutationRate.s:throw                     1.454118 0.015787 0.78398  1.263604 0.441969 3.06693  14601.67 2466.154 1.300771
mutationRate.s:tie                       0.535686 0.008618 0.45493  0.407954 0.030521 1.422326 12921.95 2786.730 0.380072
mutationRate.s:tongue                    0.127058 0.003361 0.167651 0.068967 0.000254 0.45774  14470.76 2488.465 0.063466
mutationRate.s:tooth                     0.911336 0.010207 0.491511 0.841345 0.142078 1.831617 15527.95 2319.042 0.781048
mutationRate.s:tree                      1.712887 0.015929 0.699212 1.607914 0.59373  3.145335 18688.42 1926.861 1.576483
mutationRate.s:turn_intr                 3.643981 0.048098 2.525838 2.777284 0.591254 8.756903 13057.90 2757.716 2.966736
mutationRate.s:two                       0.387862 0.007698 0.377506 0.255568 0.005756 1.122022 14974.37 2404.774 0.246913
mutationRate.s:vomit                     0.814098 0.012056 0.666028 0.571859 0.068211 2.197791 11799.28 3051.878 0.60815 
mutationRate.s:walk                      1.56164  0.017937 0.945403 1.27929  0.338044 3.539565 12962.13 2778.091 1.337271
mutationRate.s:warm_hot                  1.473853 0.017444 0.94926  1.193291 0.309032 3.48407  12160.53 2961.217 1.241924
mutationRate.s:wash                      2.494102 0.028877 1.516665 2.068157 0.529585 5.436179 13054.22 2758.494 2.068006
mutationRate.s:water                     2.162909 0.023221 1.059885 1.895623 0.700626 4.373691 17285.21 2083.283 1.956399
mutationRate.s:we                        0.239508 0.00451  0.238291 0.161465 0.001376 0.72231  12899.14 2791.658 0.150713
mutationRate.s:wet                       1.080328 0.01529  0.842007 0.82314  0.09737  2.737759 11874.96 3032.429 0.795624
mutationRate.s:what                      0.855597 0.012233 0.622079 0.735392 0.042613 2.044939 13925.73 2585.860 0.645467
mutationRate.s:when                      1.441753 0.020328 1.122791 1.05518  0.146501 3.628455 11803.16 3050.876 1.094467
mutationRate.s:where                     3.475141 0.039775 2.190125 2.931678 0.825059 8.063071 11876.80 3031.961 2.94998 
mutationRate.s:white                     1.15505  0.016793 0.867947 0.944428 0.139696 2.853836 13479.91 2671.382 0.84931 
mutationRate.s:who                       0.401352 0.007161 0.387495 0.263781 0.011996 1.188394 12299.26 2927.816 0.259911
mutationRate.s:wide                      4.537714 0.051369 2.628278 3.950076 1.028948 9.570414 13755.47 2617.866 3.920588
mutationRate.s:wife                      1.505832 0.017693 0.929114 1.396343 0.115614 3.201577 13058.88 2757.510 1.205211
mutationRate.s:wind                      1.999409 0.027495 1.378311 1.534262 0.267002 4.713486 14329.63 2512.973 1.604051
mutationRate.s:wing                      1.019634 0.015346 0.788977 0.845047 0.046331 2.491263 13622.68 2643.385 0.7465  
mutationRate.s:wipe                      5.49589  0.061678 3.560335 4.694055 1.105546 11.70831 10806.96 3332.111 4.688314
mutationRate.s:woman                     1.220821 0.019402 0.995015 0.837913 0.192039 3.39831  13691.12 2630.171 0.926948
mutationRate.s:woods                     0.58952  0.011427 0.539906 0.390586 0.034348 1.684134 16130.51 2232.415 0.398129
mutationRate.s:worm_ie                   0.127135 0.003525 0.169224 0.068519 0.000197 0.445318 15625.65 2304.543 0.063614
mutationRate.s:ye_you                    1.149706 0.01452  0.714965 1.01659  0.137054 2.522289 14852.95 2424.434 0.937874
mutationRate.s:year                      1.688501 0.021801 1.117885 1.503113 0.154338 3.74919  13695.37 2629.355 1.316642
mutationRate.s:yellow                    2.30749  0.023675 0.974085 2.182453 0.536083 4.230059 21272.80 1692.771 2.105391
bcov_alpha.s:combined                    0.025071 0.000979 0.019824 0.020334 0.000103 0.062644 87807.58 410.1012 0.016706
bcov_s.s:combined                        0.356607 0.004558 0.075    0.349581 0.224524 0.514285 132990.4 270.7713 0.348911
frequencies.s:combined.1                 0.962154 7.7E-5   0.003998 0.962267 0.954107 0.969524 13370.90 2693.161 0.962146
frequencies.s:combined.2                 0.037846 7.7E-5   0.003998 0.037733 0.030476 0.045893 13370.90 2693.161 0.037633
clockRate.c:clock                        3.72E-5  2.44E-7  7.69E-6  3.65E-5  2.32E-5  5.3E-5   36358.76 990.4077 3.64E-5 
BirthDeathSkyContemporaryBDSParam.t:tree -179.673 0.058335 2.381444 -179.599 -184.438 -175.125 21607.07 1666.584 NaN     
birthRateBDS.t:tree                      0.002175 1.02E-5  0.000574 0.002099 0.001157 0.003367 11422.29 3152.606 0.002103
deathRateBDS.t:tree                      0.000741 1.22E-5  0.000664 0.000559 9.14E-8  0.00209  12108.93 2973.835 0.000445
rhoBDS.t:tree                            0.859581 0.001106 0.064368 0.867794 0.731652 0.967936 10625.25 3389.096 0.857058
logP(mrca(chacobo))                      -5.85581 0.011755 0.651619 -5.69004 -7.17703 -5.14186 11718.39 3072.945 NaN     
mrca.age(chacobo)                        443.5678 1.28591  71.22068 435.7146 314.7935 584.1420 11739.02 3067.546 438.0848
logP(mrca(kashinawa1))                   -4.09701 0.028079 1.516544 -3.66995 -7.22381 -2.52837 12344.40 2917.110 NaN     
mrca.age(kashinawa1)                     87.54850 0.085253 4.631613 87.54874 78.71357 96.60093 12200.38 2951.546 87.42556
logP(mrca(northern))                     -5.65743 0.008436 0.453643 -5.51765 -6.60866 -5.22555 12453.92 2891.457 NaN     
mrca.age(northern)                       510.9330 1.169492 62.461   503.5427 408.8505 640.3996 12624.08 2852.483 507.2735
logP(mrca(chama))                        -7.05958 0.021674 1.288016 -6.80440 -9.54860 -5.14188 10196.42 3531.629 NaN     
mrca.age(chama)                          291.8014 0.222928 13.19308 289.8062 269.9801 318.8888 10281.58 3502.379 291.5107
