item                                        mean     stderr   stddev   median   95%HPDlo 95%HPDup ACT      ESS      geometric-mean 
posterior                                   -6796.29 1.215876 29.93273 -6795.87 -6852.30 -6736.98 59416.70 606.0585 NaN     
likelihood                                  -6262.95 0.311081 11.25    -6262.66 -6285.07 -6241.34 27533.66 1307.853 NaN     
prior                                       -533.341 1.149922 28.24225 -532.946 -590.664 -480.184 59698.17 603.2010 NaN     
treeLikelihood.I                            -1.02156 0.016939 0.841522 -0.81020 -2.60257 -0.00669 14590.58 2468.029 NaN     
treeLikelihood.all                          -57.3972 0.013541 0.794151 -57.2933 -58.8931 -56.0287 10469.38 3439.551 NaN     
treeLikelihood.animal                       -36.9725 0.014669 0.797479 -36.9228 -38.4908 -35.4259 12183.89 2955.541 NaN     
treeLikelihood.ashes                        -9.61946 0.010367 0.575611 -9.51334 -10.8057 -8.74312 11681.86 3082.555 NaN     
treeLikelihood.back_of                      -27.2735 0.020278 1.197166 -27.2216 -29.5638 -25.0378 10331.26 3485.534 NaN     
treeLikelihood.bad                          -51.6243 0.017484 1.011726 -51.5869 -53.6061 -49.4941 10754.09 3348.492 NaN     
treeLikelihood.bark_of                      -48.2900 0.022682 1.09082  -48.2044 -50.5345 -46.3097 15570.23 2312.746 NaN     
treeLikelihood.belly                        -64.3105 0.021291 1.203547 -64.2260 -66.8183 -62.2128 11268.94 3195.509 NaN     
treeLikelihood.big                          -40.1877 0.020233 0.955767 -40.0647 -42.0867 -38.5765 16138.04 2231.372 NaN     
treeLikelihood.bird                         -59.1727 0.016362 0.981848 -59.0980 -61.1524 -57.3977 10000    3601     NaN     
treeLikelihood.bite                         -38.0959 0.016872 0.872986 -38.0328 -39.8224 -36.4515 13451.25 2677.074 NaN     
treeLikelihood.black                        -64.4943 0.022908 1.106942 -64.4593 -66.5806 -62.2711 15422.40 2334.914 NaN     
treeLikelihood.blood                        -1.01697 0.017975 0.846913 -0.80460 -2.66083 -0.00633 16221.27 2219.924 NaN     
treeLikelihood.blow                         -20.3925 0.010945 0.584368 -20.3112 -21.5073 -19.3697 12633.01 2850.467 NaN     
treeLikelihood.bone                         -11.9357 0.0103   0.588591 -11.8287 -13.0883 -10.9597 11028.08 3265.300 NaN     
treeLikelihood.breathe                      -49.6510 0.019607 0.895871 -49.5648 -51.3938 -48.0566 17248.68 2087.695 NaN     
treeLikelihood.burn_tr                      -50.5314 0.016023 0.888747 -50.4824 -52.2034 -48.8305 11703.88 3076.756 NaN     
treeLikelihood.child                        -19.0822 0.011408 0.623109 -18.9973 -20.2602 -18.0267 12071.10 2983.156 NaN     
treeLikelihood.cloud                        -35.4111 0.02533  1.343126 -35.2430 -38.2396 -33.0152 12806.92 2811.759 NaN     
treeLikelihood.cold                         -28.1436 0.016807 0.897225 -28.0637 -29.9451 -26.5882 12635.93 2849.808 NaN     
treeLikelihood.come                         -11.7282 0.010236 0.59276  -11.6252 -12.8757 -10.7385 10737.98 3353.515 NaN     
treeLikelihood.count                        -35.8198 0.013474 0.785661 -35.7204 -37.3859 -34.4341 10591.58 3399.870 NaN     
treeLikelihood.cut                          -45.6904 0.014922 0.886347 -45.6489 -47.4091 -43.9977 10206.17 3528.257 NaN     
treeLikelihood.day                          -66.8448 0.019809 1.051421 -66.8286 -69.0817 -64.7929 12781.63 2817.323 NaN     
treeLikelihood.die                          -50.8571 0.01502  0.75333  -50.7980 -52.4417 -49.5309 14315.12 2515.521 NaN     
treeLikelihood.dig                          -71.5297 0.022253 1.254936 -71.4117 -74.0567 -69.0762 11322.46 3180.403 NaN     
treeLikelihood.dirty                        -63.2774 0.019077 0.981079 -63.1494 -65.2050 -61.5490 13615.84 2644.713 NaN     
treeLikelihood.dog                          -60.3596 0.016748 0.870142 -60.2803 -62.1306 -58.6561 13341.10 2699.176 NaN     
treeLikelihood.drink                        -42.3643 0.020598 1.123675 -42.2628 -44.6565 -40.2529 12100.31 2975.956 NaN     
treeLikelihood.dry                          -62.8822 0.015522 0.89519  -62.7483 -64.6241 -61.3828 10826.57 3326.075 NaN     
treeLikelihood.dull                         -18.4126 0.012224 0.667696 -18.3307 -19.6466 -17.2041 12070.46 2983.315 NaN     
treeLikelihood.dust                         -41.9477 0.016164 0.951997 -41.8272 -43.8776 -40.2463 10381.25 3468.751 NaN     
treeLikelihood.ear                          -21.7202 0.029508 1.610377 -22.1356 -24.1944 -18.5832 12090.24 2978.435 NaN     
treeLikelihood.earth                        -15.4167 0.0118   0.649278 -15.2994 -16.7411 -14.4295 11893.85 3027.613 NaN     
treeLikelihood.eat                          -1.03159 0.017479 0.858108 -0.81685 -2.72910 -0.00699 14941.12 2410.126 NaN     
treeLikelihood.egg                          -21.4127 0.01396  0.776441 -21.3429 -22.9035 -20.0104 11640.94 3093.390 NaN     
treeLikelihood.eye                          -9.01656 0.009466 0.549407 -8.91335 -10.0982 -8.16331 10689.39 3368.760 NaN     
treeLikelihood.fall                         -26.8851 0.013116 0.723451 -26.8036 -28.2139 -25.5440 11836.01 3042.409 NaN     
treeLikelihood.far                          -53.2245 0.015363 0.816653 -53.1198 -54.8701 -51.8201 12743.21 2825.816 NaN     
treeLikelihood.fat                          -8.31786 0.010065 0.558615 -8.20469 -9.41316 -7.45273 11691.38 3080.046 NaN     
treeLikelihood.father                       -31.9811 0.017775 0.929839 -31.9090 -33.9098 -30.3111 13159.15 2736.496 NaN     
treeLikelihood.fear                         -40.6181 0.026044 1.182962 -40.5670 -43.0620 -38.2623 17453.61 2063.183 NaN     
treeLikelihood.feather                      -46.3646 0.027307 1.537048 -46.3410 -49.2583 -43.2102 11366.01 3168.217 NaN     
treeLikelihood.few                          -53.1408 0.01482  0.78557  -53.0905 -54.6365 -51.6735 12815.43 2809.892 NaN     
treeLikelihood.fight                        -42.2621 0.012939 0.768565 -42.1189 -43.8083 -41.0056 10205.88 3528.357 NaN     
treeLikelihood.fire                         -26.8494 0.01325  0.770955 -26.7794 -28.3745 -25.5032 10635.80 3385.732 NaN     
treeLikelihood.fish                         -73.6704 0.01677  1.006363 -73.6048 -75.7721 -71.8894 10000    3601     NaN     
treeLikelihood.float                        -25.2460 0.012907 0.710044 -25.1758 -26.5057 -23.9762 11899.32 3026.221 NaN     
treeLikelihood.flow                         -50.4148 0.018187 1.020386 -50.2800 -52.4911 -48.5751 11439.97 3147.733 NaN     
treeLikelihood.flower                       -41.8094 0.017338 0.962971 -41.7293 -43.7213 -40.1058 11673.39 3084.793 NaN     
treeLikelihood.fly                          -32.8204 0.017196 0.949283 -32.7295 -34.6578 -31.1274 11816.94 3047.318 NaN     
treeLikelihood.fog                          -66.5303 0.018905 1.020652 -66.5425 -68.4874 -64.2034 12354.57 2914.708 NaN     
treeLikelihood.foot                         -13.2769 0.013474 0.661573 -13.2063 -14.5967 -12.1425 14937.00 2410.791 NaN     
treeLikelihood.fruit                        -18.1661 0.010945 0.656133 -18.0994 -19.4365 -17.0425 10019.68 3593.923 NaN     
treeLikelihood.give                         -30.1940 0.015739 0.803725 -30.0996 -31.7202 -28.7201 13808.83 2607.750 NaN     
treeLikelihood.good                         -44.3705 0.016781 0.946711 -44.2746 -46.1793 -42.5596 11313.70 3182.866 NaN     
treeLikelihood.grass                        -24.2430 0.016022 0.76287  -24.1872 -25.5871 -22.7139 15883.20 2267.174 NaN     
treeLikelihood.green                        -63.1760 0.01672  0.901304 -63.1261 -64.8219 -61.3456 12392.41 2905.808 NaN     
treeLikelihood.guts                         -9.11103 0.011362 0.588669 -9.01848 -10.1265 -8.05027 13414.31 2684.445 NaN     
treeLikelihood.hair                         -15.5446 0.011688 0.64697  -15.4438 -16.7838 -14.4214 11751.94 3064.172 NaN     
treeLikelihood.hand                         -0.98704 0.017197 0.839809 -0.76710 -2.64197 -0.00539 15100.28 2384.723 NaN     
treeLikelihood.he                           -35.9659 0.027473 1.512345 -36.0811 -38.6709 -33.1811 11882.83 3030.421 NaN     
treeLikelihood.head                         -33.7370 0.018863 1.059424 -33.6136 -35.7435 -31.6986 11415.34 3154.525 NaN     
treeLikelihood.hear                         -23.4680 0.01765  0.972031 -23.3887 -25.4106 -21.7445 11873.29 3032.856 NaN     
treeLikelihood.heart                        -13.8419 0.011753 0.635137 -13.7717 -14.9693 -12.6435 12330.06 2920.502 NaN     
treeLikelihood.heavy                        -29.5795 0.017971 0.99387  -29.5291 -31.6154 -27.4621 11774.17 3058.389 NaN     
treeLikelihood.here                         -0.93512 0.01955  0.861783 -0.69359 -2.58731 -0.00386 18532.47 1943.075 NaN     
treeLikelihood.hit                          -54.3387 0.018917 1.072934 -54.2699 -56.4234 -52.1811 11194.41 3216.783 NaN     
treeLikelihood.hold_in                      -46.7545 0.019854 0.976994 -46.7304 -48.4061 -44.7001 14870.36 2421.594 NaN     
treeLikelihood.how                          -36.6609 0.012747 0.764929 -36.5389 -38.1388 -35.4112 10000    3601     NaN     
treeLikelihood.hunt                         -66.9312 0.019415 1.054777 -66.8226 -69.0084 -65.0648 12200.11 2951.611 NaN     
treeLikelihood.husband                      -1.01611 0.017642 0.873926 -0.77851 -2.69797 -0.00620 14674.02 2453.995 NaN     
treeLikelihood.kill                         -42.3912 0.017582 1.018252 -42.3013 -44.4136 -40.4930 10735.80 3354.195 NaN     
treeLikelihood.know                         -33.9787 0.016555 0.898999 -33.8829 -35.6430 -32.3777 12211.05 2948.967 NaN     
treeLikelihood.lake                         -16.7555 0.012325 0.69079  -16.6788 -17.9709 -15.5074 11462.78 3141.471 NaN     
treeLikelihood.laugh                        -59.1916 0.021988 1.053543 -59.1367 -61.2246 -57.0698 15684.61 2295.879 NaN     
treeLikelihood.leaf                         -41.2091 0.015035 0.832319 -41.1536 -42.7940 -39.6355 11749.99 3064.682 NaN     
treeLikelihood.leg                          -46.6006 0.018988 1.083917 -46.5141 -48.7736 -44.6040 11050.58 3258.651 NaN     
treeLikelihood.lie_be_lying                 -15.2016 0.01181  0.670155 -15.0972 -16.4503 -14.0901 11183.69 3219.865 NaN     
treeLikelihood.live                         -53.8611 0.016856 0.866344 -53.7726 -55.5519 -52.3360 13631.63 2641.649 NaN     
treeLikelihood.liver                        -16.0247 0.010662 0.604232 -15.9562 -17.0679 -14.9383 11212.92 3211.472 NaN     
treeLikelihood.long                         -50.2013 0.015336 0.840426 -50.1560 -51.6380 -48.5057 11990.58 3003.190 NaN     
treeLikelihood.louse                        -11.9384 0.010491 0.604171 -11.8306 -13.2125 -11.0250 10857.24 3316.680 NaN     
treeLikelihood.man                          -54.0513 0.02629  1.423227 -53.9587 -56.6130 -51.1036 12287.48 2930.622 NaN     
treeLikelihood.many                         -41.8599 0.014594 0.721925 -41.7776 -43.3760 -40.6346 14715.89 2447.014 NaN     
treeLikelihood.meat                         -0.98990 0.018618 0.848049 -0.77521 -2.63586 -0.00396 17355.09 2074.895 NaN     
treeLikelihood.mother                       -31.2207 0.016448 0.853236 -31.1635 -32.8844 -29.5753 13381.32 2691.064 NaN     
treeLikelihood.mountain                     -42.2827 0.01568  0.886688 -42.2380 -43.8728 -40.5436 11260.60 3197.874 NaN     
treeLikelihood.mouth                        -41.7276 0.018933 1.136164 -41.6749 -43.9433 -39.4529 10000    3601     NaN     
treeLikelihood.name                         -16.6527 0.011879 0.600535 -16.5842 -17.8185 -15.5568 14090.35 2555.649 NaN     
treeLikelihood.narrow                       -69.5934 0.018687 1.04598  -69.5350 -71.6206 -67.6551 11493.52 3133.069 NaN     
treeLikelihood.near                         -47.7617 0.014851 0.862567 -47.6625 -49.4317 -46.2675 10674.31 3373.519 NaN     
treeLikelihood.neck                         -5.40694 0.011903 0.632353 -5.23384 -6.68123 -4.61203 12759.54 2822.200 NaN     
treeLikelihood.new                          -27.3960 0.013503 0.728459 -27.2836 -28.8122 -26.1685 12372.60 2910.461 NaN     
treeLikelihood.night                        -49.7246 0.020449 1.119851 -49.6678 -51.9806 -47.4587 12006.76 2999.142 NaN     
treeLikelihood.nose                         -1.03178 0.019508 0.887419 -0.79418 -2.73825 -0.00282 17401.36 2069.377 NaN     
treeLikelihood.old                          -51.8725 0.019703 1.000978 -51.8231 -53.7521 -49.9702 13952.39 2580.918 NaN     
treeLikelihood.one                          -22.7356 0.012345 0.68463  -22.6791 -24.0007 -21.4432 11707.51 3075.802 NaN     
treeLikelihood.other                        -0.91491 0.017394 0.823887 -0.68358 -2.55305 -0.00517 16050.66 2243.521 NaN     
treeLikelihood.person                       -36.3423 0.017241 0.911949 -36.2711 -38.2530 -34.7045 12871.46 2797.661 NaN     
treeLikelihood.play                         -49.2807 0.014755 0.821146 -49.1562 -50.8919 -47.8651 11626.53 3097.224 NaN     
treeLikelihood.pull                         -22.4424 0.011368 0.633626 -22.3468 -23.5622 -21.2695 11591.55 3106.572 NaN     
treeLikelihood.push                         -44.1664 0.015622 0.856019 -44.0705 -45.8791 -42.6505 11993.71 3002.404 NaN     
treeLikelihood.rain                         -5.38319 0.011708 0.623756 -5.21098 -6.61494 -4.61560 12686.11 2838.536 NaN     
treeLikelihood.red                          -37.7366 0.012936 0.776241 -37.6708 -39.2489 -36.3082 10000    3601     NaN     
treeLikelihood.river                        -60.4015 0.029824 1.672088 -60.4183 -63.7435 -57.2162 11456.01 3143.327 NaN     
treeLikelihood.road                         -19.0351 0.013747 0.787361 -18.9545 -20.4812 -17.5791 10976.48 3280.649 NaN     
treeLikelihood.root                         -44.0577 0.018837 1.01866  -43.9492 -46.0919 -42.2789 12314.21 2924.262 NaN     
treeLikelihood.rope                         -47.3814 0.020397 1.052175 -47.3210 -49.4856 -45.4408 13532.52 2660.997 NaN     
treeLikelihood.rotten                       -39.9246 0.022655 1.174376 -39.8528 -42.5405 -37.8194 13401.29 2687.053 NaN     
treeLikelihood.rub                          -47.2829 0.013833 0.806474 -47.1812 -48.8835 -45.9015 10594.04 3399.080 NaN     
treeLikelihood.salt                         -65.2778 0.019683 1.052374 -65.2234 -67.2721 -63.1524 12597.22 2858.566 NaN     
treeLikelihood.sand                         -28.1611 0.025573 1.252228 -27.9106 -30.9555 -26.2123 15017.88 2397.807 NaN     
treeLikelihood.say                          -46.7861 0.017885 0.936428 -46.7069 -48.5360 -45.0151 13135.55 2741.414 NaN     
treeLikelihood.scratch_an                   -29.1608 0.015968 0.851581 -28.9694 -30.9736 -27.8362 12660.40 2844.301 NaN     
treeLikelihood.see                          -29.2336 0.014412 0.805832 -29.1720 -30.8790 -27.7562 11517.42 3126.566 NaN     
treeLikelihood.seed                         -24.2601 0.016579 0.923778 -24.1953 -26.3576 -22.4873 11599.12 3104.544 NaN     
treeLikelihood.sew                          -23.2527 0.011551 0.693167 -23.1505 -24.4917 -22.1141 10000    3601     NaN     
treeLikelihood.sharp                        -34.6386 0.014081 0.754301 -34.5815 -36.0961 -33.1759 12547.96 2869.789 NaN     
treeLikelihood.short                        -80.5371 0.017001 0.975323 -80.4242 -82.5543 -78.8717 10941.44 3291.156 NaN     
treeLikelihood.sing                         -47.3100 0.013073 0.760068 -47.2176 -48.7571 -45.8641 10653.13 3380.226 NaN     
treeLikelihood.sit                          -29.2448 0.014832 0.890038 -29.1374 -30.9773 -27.6394 10000    3601     NaN     
treeLikelihood.skin_of                      -26.9371 0.014632 0.860838 -26.8189 -28.5463 -25.3764 10402.99 3461.503 NaN     
treeLikelihood.sky                          -13.0308 0.01043  0.580353 -12.9406 -14.2074 -12.0667 11630.23 3096.240 NaN     
treeLikelihood.sleep                        -0.98075 0.016564 0.823878 -0.76727 -2.54832 -0.00112 14555.19 2474.030 NaN     
treeLikelihood.small                        -73.4911 0.025557 1.325601 -73.4380 -75.9513 -70.7202 13385.17 2690.289 NaN     
treeLikelihood.smell_tr                     -0.97991 0.017416 0.871122 -0.74140 -2.69195 -0.00768 14392.58 2501.982 NaN     
treeLikelihood.smoke                        -28.0739 0.01516  0.80732  -28.0100 -29.5972 -26.5951 12697.15 2836.069 NaN     
treeLikelihood.smooth                       -53.1684 0.017473 0.907196 -53.1266 -54.8994 -51.3616 13358.11 2695.739 NaN     
treeLikelihood.snake                        -28.5605 0.016011 0.884347 -28.4831 -30.2209 -26.8118 11803.52 3050.784 NaN     
treeLikelihood.some                         -30.4720 0.014519 0.823075 -30.4199 -32.1824 -28.8142 11205.77 3213.521 NaN     
treeLikelihood.spit                         -39.8870 0.012683 0.712141 -39.7611 -41.2122 -38.7000 11421.62 3152.791 NaN     
treeLikelihood.split                        -46.6803 0.016628 0.963938 -46.5451 -48.6213 -45.0770 10714.98 3360.714 NaN     
treeLikelihood.squeeze                      -41.4992 0.017333 0.933913 -41.3598 -43.3820 -39.9517 12403.69 2903.167 NaN     
treeLikelihood.stab_or                      -48.3991 0.012652 0.75924  -48.2968 -49.8874 -47.0284 10000    3601     NaN     
treeLikelihood.stand                        -0.95650 0.017506 0.841703 -0.71751 -2.57012 -0.00537 15577.55 2311.658 NaN     
treeLikelihood.star                         -26.7723 0.019587 0.972303 -26.7137 -28.7140 -25.0172 14613.75 2464.116 NaN     
treeLikelihood.stick_of                     -13.9762 0.011227 0.625558 -13.8924 -15.1638 -12.9016 11599.46 3104.453 NaN     
treeLikelihood.stone                        -79.0656 0.01532  0.897966 -79.0093 -80.8822 -77.3429 10481.18 3435.680 NaN     
treeLikelihood.straight                     -50.2755 0.017905 0.994348 -50.2234 -52.2703 -48.4578 11676.65 3083.929 NaN     
treeLikelihood.suck                         -31.9316 0.013895 0.779354 -31.8471 -33.4273 -30.4639 11445.65 3146.173 NaN     
treeLikelihood.sun                          -30.5245 0.013465 0.781257 -30.4393 -31.9123 -29.0627 10697.07 3366.339 NaN     
treeLikelihood.swell                        -47.6318 0.014699 0.823035 -47.5621 -49.4039 -46.1879 11486.24 3135.054 NaN     
treeLikelihood.swim                         -56.2452 0.018441 1.053001 -56.1784 -58.3508 -54.3563 11044.64 3260.404 NaN     
treeLikelihood.tail                         -28.2162 0.014106 0.76155  -28.1573 -29.6916 -26.7895 12354.88 2914.636 NaN     
treeLikelihood.they                         -39.2571 0.025545 1.374936 -39.2558 -41.7042 -36.4623 12429.52 2897.133 NaN     
treeLikelihood.thick                        -53.1128 0.020315 1.140524 -53.0982 -55.2763 -50.7330 11425.24 3151.793 NaN     
treeLikelihood.thin                         -85.8726 0.028613 1.326415 -85.8915 -88.3898 -83.1217 16757.11 2148.937 NaN     
treeLikelihood.think                        -8.67551 0.009544 0.555017 -8.56971 -9.75081 -7.82524 10647.56 3381.994 NaN     
treeLikelihood.this                         -28.2985 0.014509 0.800046 -28.2325 -29.9682 -26.9026 11843.59 3040.463 NaN     
treeLikelihood.thou                         -1.04027 0.019399 0.874049 -0.80010 -2.67539 -0.00662 17738.67 2030.027 NaN     
treeLikelihood.throw                        -46.9021 0.025312 1.268805 -46.8347 -49.4494 -44.5466 14331.62 2512.624 NaN     
treeLikelihood.tie                          -10.9434 0.010344 0.576666 -10.8285 -12.0116 -10.0868 11587.10 3107.764 NaN     
treeLikelihood.tongue                       -1.00439 0.02127  0.856591 -0.76906 -2.62335 -0.00783 22202.96 1621.855 NaN     
treeLikelihood.tooth                        -22.2136 0.018949 0.912784 -22.0846 -24.0954 -20.7273 15518.71 2320.424 NaN     
treeLikelihood.tree                         -34.5895 0.019457 1.045322 -34.4721 -36.7221 -32.6485 12475.49 2886.458 NaN     
treeLikelihood.turn_intr                    -55.3220 0.014183 0.802574 -55.2474 -56.9302 -53.8923 11245.44 3202.185 NaN     
treeLikelihood.two                          -10.4364 0.012498 0.715184 -10.3111 -11.8327 -9.29189 10997.47 3274.388 NaN     
treeLikelihood.vomit                        -24.9003 0.010953 0.657268 -24.8424 -26.1221 -23.6241 10000    3601     NaN     
treeLikelihood.walk                         -39.1705 0.017918 1.037429 -39.0681 -41.2155 -37.2071 10741.74 3352.340 NaN     
treeLikelihood.warm_hot                     -45.1034 0.020727 0.942781 -44.9904 -46.9612 -43.3822 17405.69 2068.863 NaN     
treeLikelihood.wash                         -47.5264 0.018268 0.959236 -47.4574 -49.4383 -45.7717 13059.62 2757.352 NaN     
treeLikelihood.water                        -61.5326 0.021067 1.136614 -61.4581 -63.8395 -59.4229 12371.36 2910.753 NaN     
treeLikelihood.we                           -6.96520 0.010674 0.579744 -6.82480 -8.09535 -6.11293 12207.05 2949.933 NaN     
treeLikelihood.wet                          -27.1511 0.013029 0.710512 -27.0690 -28.4530 -25.8783 12108.45 2973.954 NaN     
treeLikelihood.what                         -17.6178 0.011174 0.652656 -17.5092 -18.9060 -16.5521 10554.60 3411.780 NaN     
treeLikelihood.when                         -25.2504 0.012219 0.635384 -25.1920 -26.4901 -24.1306 13317.18 2704.025 NaN     
treeLikelihood.where                        -61.8709 0.016442 0.888846 -61.7705 -63.6913 -60.2774 12321.60 2922.510 NaN     
treeLikelihood.white                        -27.7809 0.013782 0.797352 -27.7207 -29.2152 -26.3773 10759.12 3346.925 NaN     
treeLikelihood.who                          -9.0759  0.010458 0.567018 -8.98633 -10.1867 -8.17173 12250.59 2939.449 NaN     
treeLikelihood.wide                         -47.3171 0.018446 1.010874 -47.3149 -49.4470 -45.3685 11990.37 3003.241 NaN     
treeLikelihood.wife                         -31.4182 0.014701 0.837372 -31.3391 -33.0174 -29.9359 11099.54 3244.275 NaN     
treeLikelihood.wind                         -48.8286 0.014586 0.874739 -48.7808 -50.6065 -47.2012 10012.74 3596.415 NaN     
treeLikelihood.wing                         -21.9288 0.012739 0.721499 -21.8589 -23.3535 -20.6786 11226.73 3207.521 NaN     
treeLikelihood.wipe                         -57.9071 0.018386 1.005927 -57.8827 -59.8221 -56.0013 12029.45 2993.485 NaN     
treeLikelihood.woman                        -38.6731 0.014679 0.804783 -38.6112 -40.2342 -37.1240 11979.63 3005.935 NaN     
treeLikelihood.woods                        -13.6787 0.011121 0.609592 -13.6124 -14.8427 -12.6266 11984.39 3004.740 NaN     
treeLikelihood.worm_ie                      -1.05662 0.018197 0.905324 -0.80958 -2.68903 -0.00322 14548.29 2475.203 NaN     
treeLikelihood.ye_you                       -22.6536 0.017304 0.813049 -22.5866 -24.2111 -21.1192 16310.66 2207.757 NaN     
treeLikelihood.year                         -24.9072 0.013867 0.746122 -24.8548 -26.2407 -23.5066 12438.13 2895.128 NaN     
treeLikelihood.yellow                       -43.9659 0.021619 1.11586  -43.8097 -46.3303 -42.0268 13516.75 2664.101 NaN     
Tree.t:tree.height                          1485.711 8.977495 295.0188 1452.055 986.5633 2061.546 33345.24 1079.914 1458.173
Tree.t:tree.treeLength                      13122.94 60.67112 1746.722 12981.33 9797.239 16455.69 43444.93 828.8653 13008.97
mutationRate.s:I                            0.126413 0.00328  0.162029 0.067663 0.000181 0.445397 14757.58 2440.100 0.064383
mutationRate.s:all                          5.815306 0.075127 3.785187 4.805684 0.769416 13.26754 14185.39 2538.525 4.75086 
mutationRate.s:animal                       1.310884 0.020858 0.984552 0.952799 0.186112 3.280999 16161.17 2228.179 1.019161
mutationRate.s:ashes                        0.358467 0.007047 0.36096  0.229627 0.008421 1.083653 13726.12 2623.464 0.228417
mutationRate.s:back_of                      0.955316 0.011429 0.594029 0.804564 0.193868 2.182301 13330.03 2701.417 0.813523
mutationRate.s:bad                          1.807725 0.022315 1.103168 1.532012 0.391678 4.037738 14734.60 2443.907 1.550208
mutationRate.s:bark_of                      2.407627 0.024611 0.951647 2.230219 0.861679 4.287901 24083.45 1495.217 2.237123
mutationRate.s:belly                        2.203854 0.02372  1.229354 1.899781 0.526049 4.652348 13405.49 2686.211 1.935894
mutationRate.s:big                          1.067251 0.016527 0.849678 0.790201 0.159001 2.837019 13624.02 2643.124 0.828788
mutationRate.s:bird                         2.713409 0.03626  1.826906 2.127865 0.537202 6.451306 14185.20 2538.560 2.240859
mutationRate.s:bite                         1.433971 0.017765 0.967703 1.131569 0.229628 3.397747 12135.84 2967.243 1.169294
mutationRate.s:black                        3.580102 0.038535 1.974101 3.166819 0.737772 7.417022 13721.38 2624.370 3.073391
mutationRate.s:blood                        0.126738 0.003633 0.168218 0.068536 0.000397 0.442989 16793.92 2144.227 0.063463
mutationRate.s:blow                         0.864745 0.013246 0.703745 0.628923 0.075654 2.276189 12758.09 2822.520 0.635567
mutationRate.s:bone                         0.581395 0.008305 0.422817 0.48061  0.023225 1.403614 13894.62 2591.650 0.437208
mutationRate.s:breathe                      2.800958 0.03845  1.679247 2.472005 0.397957 5.8947   18879.67 1907.342 2.334697
mutationRate.s:burn_tr                      2.647059 0.032659 1.653868 2.403972 0.382338 5.777458 14041.55 2564.531 2.132355
mutationRate.s:child                        0.728267 0.01181  0.620493 0.510015 0.060801 1.979276 13044.65 2760.518 0.510973
mutationRate.s:cloud                        1.330376 0.019277 1.024942 0.985476 0.174741 3.421099 12738.22 2826.924 1.01046 
mutationRate.s:cold                         1.179692 0.013147 0.67196  1.091962 0.142204 2.435022 13783.63 2612.518 0.981322
mutationRate.s:come                         0.456938 0.007499 0.390102 0.337313 0.017071 1.235053 13308.39 2705.811 0.320527
mutationRate.s:count                        3.799778 0.055314 2.709068 3.18417  0.31206  9.135312 15012.76 2398.626 2.927468
mutationRate.s:cut                          1.556129 0.025054 1.244433 1.023718 0.245977 4.150725 14596.05 2467.104 1.186959
mutationRate.s:day                          2.731019 0.036373 1.795911 2.199835 0.499168 6.287116 14771.12 2437.865 2.297086
mutationRate.s:die                          2.587592 0.029593 1.602289 2.195637 0.411222 5.677026 12283.61 2931.548 2.139685
mutationRate.s:dig                          7.843082 0.098931 4.69584  7.000519 1.452442 15.61710 15983.14 2252.998 6.845674
mutationRate.s:dirty                        3.620102 0.049086 2.216303 3.085453 0.628208 8.107188 17663.48 2038.669 3.042385
mutationRate.s:dog                          3.512958 0.039525 1.879656 3.065745 0.898643 7.277841 15922.78 2261.538 3.086033
mutationRate.s:drink                        1.280817 0.01845  0.990362 0.944441 0.194132 3.408551 12497.45 2881.386 1.015203
mutationRate.s:dry                          4.306212 0.049919 2.427285 3.832159 0.816154 9.051051 15230.59 2364.320 3.657151
mutationRate.s:dull                         1.009806 0.018329 0.921231 0.652163 0.096555 2.881449 14254.98 2526.133 0.712047
mutationRate.s:dust                         2.394873 0.026383 1.199425 2.174221 0.544218 4.804959 17423.27 2066.776 2.119783
mutationRate.s:ear                          0.804213 0.012156 0.614499 0.680244 0.033928 1.945753 14091.64 2555.415 0.572988
mutationRate.s:earth                        0.618528 0.00869  0.422441 0.533518 0.045375 1.405291 15238.04 2363.163 0.487164
mutationRate.s:eat                          0.128348 0.003379 0.16216  0.069328 0.000458 0.468034 15633.14 2303.438 0.064009
mutationRate.s:egg                          0.666394 0.010865 0.544429 0.488846 0.047221 1.751581 14341.26 2510.936 0.485446
mutationRate.s:eye                          0.415588 0.006729 0.344474 0.331035 0.016477 1.086852 13741.68 2620.494 0.288143
mutationRate.s:fall                         1.106128 0.015248 0.701825 0.991295 0.087674 2.46905  16997.20 2118.583 0.880032
mutationRate.s:far                          2.535545 0.033314 1.626785 2.168243 0.384462 5.811788 15101.75 2384.491 2.078609
mutationRate.s:fat                          0.513263 0.008532 0.443811 0.381692 0.01554  1.374638 13308.86 2705.714 0.351711
mutationRate.s:father                       0.995273 0.017531 0.85207  0.683455 0.116458 2.779369 15243.41 2362.331 0.745167
mutationRate.s:fear                         1.467145 0.015262 0.693941 1.349136 0.39283  2.78878  17417.68 2067.438 1.322131
mutationRate.s:feather                      2.579536 0.030021 1.046299 2.461647 0.662405 4.764489 29646.15 1214.660 2.356581
mutationRate.s:few                          1.84871  0.024194 1.296675 1.411347 0.291629 4.491108 12536.77 2872.350 1.478522
mutationRate.s:fight                        2.789449 0.033749 1.682385 2.407585 0.420057 6.12901  14491.12 2484.968 2.355449
mutationRate.s:fire                         1.002661 0.012776 0.636957 0.896108 0.105015 2.217173 14486.45 2485.770 0.804595
mutationRate.s:fish                         3.709255 0.046321 2.33201  3.10311  0.606976 8.256969 14207.72 2534.536 3.092617
mutationRate.s:float                        1.148448 0.018977 1.000777 0.76286  0.130764 3.316613 12948.13 2781.095 0.848066
mutationRate.s:flow                         6.09538  0.139911 7.292258 4.613617 0.696341 13.77363 13255.70 2716.567 4.771984
mutationRate.s:flower                       1.555839 0.019791 0.969996 1.338034 0.293564 3.465037 14990.19 2402.236 1.304845
mutationRate.s:fly                          1.176874 0.020439 0.992864 0.832321 0.172197 3.273757 15260.10 2359.748 0.912237
mutationRate.s:fog                          6.704861 0.079489 4.372537 5.58295  1.083028 15.07587 11900.64 3025.885 5.521583
mutationRate.s:foot                         0.319848 0.006097 0.321681 0.201457 0.003876 0.983531 12934.96 2783.926 0.202176
mutationRate.s:fruit                        0.816019 0.010923 0.563458 0.720732 0.050397 1.868838 13533.88 2660.729 0.620973
mutationRate.s:give                         1.790878 0.020269 1.01148  1.626186 0.254459 3.716146 14460.32 2490.262 1.520339
mutationRate.s:good                         1.790762 0.021838 1.081397 1.507833 0.345815 4.000074 14685.62 2452.057 1.530678
mutationRate.s:grass                        0.880641 0.014087 0.743384 0.603234 0.063439 2.372251 12930.79 2784.825 0.631544
mutationRate.s:green                        2.481646 0.033102 1.794547 1.805339 0.523457 6.368493 12252.15 2939.075 2.000184
mutationRate.s:guts                         0.429017 0.008836 0.429288 0.276921 0.010524 1.305427 15257.33 2360.176 0.270481
mutationRate.s:hair                         0.762659 0.011364 0.519816 0.664546 0.047192 1.723792 17209.36 2092.465 0.591369
mutationRate.s:hand                         0.12032  0.003277 0.159791 0.062727 0.000373 0.439099 15148.92 2377.066 0.059061
mutationRate.s:he                           1.977316 0.023407 0.916702 1.891009 0.283391 3.690061 23478.01 1533.775 1.746985
mutationRate.s:head                         1.858487 0.019289 0.794512 1.76275  0.440017 3.44177  21224.14 1696.652 1.685331
mutationRate.s:hear                         0.92059  0.015068 0.803522 0.603438 0.082267 2.575512 12662.75 2843.773 0.652811
mutationRate.s:heart                        0.553795 0.010208 0.504557 0.376637 0.023123 1.545246 14740.78 2442.882 0.374954
mutationRate.s:heavy                        1.271251 0.014487 0.694948 1.144412 0.192618 2.62439  15649.13 2301.086 1.094903
mutationRate.s:here                         0.146643 0.005069 0.223355 0.073348 0.00033  0.543639 18546.81 1941.572 0.069417
mutationRate.s:hit                          2.519363 0.029213 1.404865 2.174235 0.521779 5.163931 15570.51 2312.703 2.199939
mutationRate.s:hold_in                      3.987428 0.049222 2.294474 3.444987 0.637761 8.16877  16572.33 2172.897 3.401624
mutationRate.s:how                          3.216418 0.037296 1.98168  2.798974 0.37977  6.991844 12754.88 2823.232 2.657803
mutationRate.s:hunt                         4.567736 0.059067 2.97624  3.76436  0.894394 10.14525 14183.10 2538.937 3.902591
mutationRate.s:husband                      0.130145 0.003561 0.173822 0.067074 0.00036  0.464046 15116.15 2382.219 0.062819
mutationRate.s:kill                         0.97109  0.013268 0.71215  0.752909 0.183086 2.49747  12499.88 2880.826 0.79761 
mutationRate.s:know                         1.260204 0.018176 0.927452 0.979832 0.178732 3.17493  13830.06 2603.747 1.029024
mutationRate.s:lake                         0.508148 0.009074 0.486833 0.323042 0.025598 1.520206 12510.68 2878.340 0.346664
mutationRate.s:laugh                        2.77352  0.028456 1.203734 2.543441 0.919706 5.155525 20123.88 1789.415 2.55155 
mutationRate.s:leaf                         1.551302 0.020933 1.082123 1.179606 0.27618  3.774545 13475.35 2672.285 1.257846
mutationRate.s:leg                          2.131331 0.022945 1.130837 2.013154 0.432312 4.221796 14824.69 2429.054 1.829238
mutationRate.s:lie_be_lying                 0.816792 0.011669 0.576426 0.697721 0.050273 1.891886 14757.77 2440.069 0.62782 
mutationRate.s:live                         6.316155 0.088432 4.231325 5.486529 0.80053  14.15032 15728.63 2289.455 5.059131
mutationRate.s:liver                        0.604057 0.010102 0.503524 0.451594 0.028419 1.575876 14494.47 2484.394 0.419003
mutationRate.s:long                         3.114368 0.038169 1.936744 2.759593 0.407987 6.731851 13985.84 2574.745 2.549192
mutationRate.s:louse                        0.574269 0.008437 0.411466 0.484446 0.026544 1.353216 15140.96 2378.316 0.430527
mutationRate.s:man                          1.636266 0.015817 0.881609 1.418009 0.442558 3.381144 11591.52 3106.578 1.464166
mutationRate.s:many                         1.903619 0.022805 1.211758 1.61425  0.273755 4.295706 12753.63 2823.509 1.562588
mutationRate.s:meat                         0.122603 0.003506 0.162906 0.065028 0.000259 0.44117  16678.63 2159.048 0.059692
mutationRate.s:mother                       1.516995 0.020626 0.944735 1.354302 0.202119 3.311127 17164.39 2097.947 1.227262
mutationRate.s:mountain                     1.555378 0.020327 1.002919 1.396119 0.183938 3.452618 14792.17 2434.395 1.239058
mutationRate.s:mouth                        1.551095 0.01945  1.018385 1.260106 0.251199 3.576336 13135.57 2741.409 1.272089
mutationRate.s:name                         0.618759 0.011423 0.539208 0.435744 0.040175 1.73754  16159.79 2228.369 0.425488
mutationRate.s:narrow                       9.939149 0.135046 7.100429 7.964249 1.035826 23.66377 13026.25 2764.416 7.828959
mutationRate.s:near                         1.862209 0.022552 1.203957 1.543156 0.315381 4.298955 12635.01 2850.015 1.554305
mutationRate.s:neck                         0.197158 0.003941 0.201701 0.12975  0.006095 0.601781 13749.58 2618.987 0.126376
mutationRate.s:new                          1.346863 0.0187   0.890988 1.164775 0.113555 3.093276 15862.37 2270.152 1.079437
mutationRate.s:night                        2.80302  0.02955  1.362807 2.644749 0.615622 5.422281 16929.99 2126.993 2.475764
mutationRate.s:nose                         0.128632 0.003768 0.170013 0.065845 0.000324 0.474335 17685.73 2036.104 0.062125
mutationRate.s:old                          2.261836 0.026449 1.41536  1.947902 0.373447 4.88344  12574.88 2863.644 1.837682
mutationRate.s:one                          1.057182 0.013782 0.73862  0.913469 0.080555 2.472671 12536.42 2872.429 0.810289
mutationRate.s:other                        0.153142 0.004263 0.206405 0.079266 0.000484 0.553525 15359.93 2344.410 0.073101
mutationRate.s:person                       1.456749 0.017927 0.973391 1.142638 0.20444  3.439913 12214.26 2948.191 1.19699 
mutationRate.s:play                         4.253354 0.061922 2.844488 3.483903 0.479141 9.964918 17065.19 2110.142 3.445647
mutationRate.s:pull                         1.270665 0.019041 0.980184 0.948955 0.108294 3.218019 13589.55 2649.829 0.946813
mutationRate.s:push                         3.015163 0.036635 1.930144 2.499559 0.511971 6.853259 12972.72 2775.824 2.499696
mutationRate.s:rain                         0.20179  0.003937 0.205166 0.138483 0.003801 0.59509  13257.37 2716.223 0.129383
mutationRate.s:red                          1.529065 0.020795 1.159197 1.106003 0.242137 3.945505 11588.55 3107.375 1.201164
mutationRate.s:river                        1.866633 0.025493 1.250771 1.468013 0.463178 4.51305  14959.52 2407.162 1.580049
mutationRate.s:road                         0.486752 0.008578 0.446584 0.320396 0.026912 1.386121 13284.50 2710.677 0.334478
mutationRate.s:root                         2.813241 0.034863 1.288968 2.623068 0.673414 5.384096 26343.88 1366.920 2.534833
mutationRate.s:rope                         3.233475 0.036461 1.685289 3.046737 0.496695 6.259258 16854.80 2136.483 2.769617
mutationRate.s:rotten                       1.355653 0.017765 0.883178 1.114835 0.208269 3.073761 14570.30 2471.465 1.130298
mutationRate.s:rub                          5.83004  0.075504 4.167159 4.631599 0.696853 14.05684 11821.92 3046.036 4.570886
mutationRate.s:salt                         3.134107 0.037003 1.646394 2.716942 0.851823 6.381551 18190.12 1979.645 2.800269
mutationRate.s:sand                         1.148464 0.013965 0.643878 1.033182 0.126897 2.342781 16938.28 2125.953 0.971194
mutationRate.s:say                          1.960353 0.025962 1.325798 1.538009 0.339232 4.833628 13807.93 2607.921 1.626985
mutationRate.s:scratch_an                   2.391742 0.027607 1.314176 2.222082 0.254596 4.87276  15890.62 2266.115 2.012618
mutationRate.s:see                          1.208339 0.01578  0.849476 0.944441 0.165319 2.921845 12425.73 2898.018 0.969528
mutationRate.s:seed                         0.950973 0.013625 0.697761 0.738423 0.139475 2.3624   13729.87 2622.747 0.755503
mutationRate.s:sew                          1.697919 0.023736 1.144928 1.473472 0.172293 3.888455 15477.13 2326.658 1.343205
mutationRate.s:sharp                        2.080851 0.030251 1.497793 1.752182 0.238566 4.955175 14689.13 2451.471 1.600816
mutationRate.s:short                        7.348457 0.090653 4.331132 6.379456 1.442822 15.51359 15775.44 2282.661 6.335672
mutationRate.s:sing                         2.29202  0.039026 1.922619 1.703466 0.184194 6.087439 14836.81 2427.071 1.738529
mutationRate.s:sit                          1.982208 0.024957 1.150222 1.845639 0.217434 4.206031 16953.13 2124.091 1.634095
mutationRate.s:skin_of                      1.384034 0.017082 0.731527 1.314677 0.182618 2.751123 19634.27 1834.038 1.17879 
mutationRate.s:sky                          0.446659 0.007491 0.378582 0.331527 0.016017 1.227572 14099.89 2553.920 0.312309
mutationRate.s:sleep                        0.119898 0.003222 0.157239 0.064555 7.66E-5  0.420422 15115.47 2382.326 0.060001
mutationRate.s:small                        4.702902 0.043302 1.844323 4.451787 1.233918 8.223135 19849.85 1814.118 4.344725
mutationRate.s:smell_tr                     0.135774 0.003737 0.186091 0.070138 0.000557 0.494618 14521.14 2479.831 0.065606
mutationRate.s:smoke                        0.85194  0.012245 0.627798 0.713032 0.078124 2.059599 13700.35 2628.398 0.632254
mutationRate.s:smooth                       3.004737 0.038579 1.848916 2.458457 0.721692 6.745841 15678.20 2296.819 2.570205
mutationRate.s:snake                        1.050376 0.013603 0.629923 0.975188 0.107993 2.226376 16793.41 2144.293 0.848871
mutationRate.s:some                         14.78644 0.846673 36.30053 7.440759 0.718535 43.47046 19589.74 1838.207 8.129382
mutationRate.s:spit                         3.481409 0.049068 2.649229 2.70991  0.287745 8.575401 12353.08 2915.060 2.690658
mutationRate.s:split                        5.757593 0.074019 3.273039 5.332221 0.730174 11.93104 18416.53 1955.307 4.832803
mutationRate.s:squeeze                      2.694576 0.040563 2.039109 2.132767 0.258033 6.823477 14249.37 2527.128 2.186932
mutationRate.s:stab_or                      3.495673 0.052619 2.572379 2.760659 0.419814 8.609488 15067.52 2389.907 2.718903
mutationRate.s:stand                        0.150371 0.004182 0.202925 0.078212 0.000458 0.537613 15292.15 2354.802 0.072554
mutationRate.s:star                         0.88508  0.015286 0.751848 0.587219 0.072202 2.457887 14885.23 2419.176 0.646667
mutationRate.s:stick_of                     0.514656 0.009331 0.49743  0.317423 0.031088 1.561149 12670.51 2842.030 0.344504
mutationRate.s:stone                        6.986657 0.088872 4.565967 5.60893  1.412492 16.32827 13642.23 2639.596 5.887961
mutationRate.s:straight                     3.236262 0.035624 1.934085 2.68145  0.751713 7.287516 12216.92 2947.550 2.763147
mutationRate.s:suck                         1.436583 0.0179   0.970263 1.185745 0.174026 3.316175 12256.70 2937.982 1.147173
mutationRate.s:sun                          1.438949 0.017715 0.865083 1.3141   0.176373 3.089988 15099.99 2384.769 1.172177
mutationRate.s:swell                        3.160137 0.04342  2.063963 2.54516  0.636389 7.310977 15936.40 2259.606 2.605514
mutationRate.s:swim                         3.07095  0.031839 1.523818 2.731709 0.680654 5.978956 15720.41 2290.652 2.739192
mutationRate.s:tail                         1.078074 0.015096 0.797291 0.863275 0.119919 2.617885 12910.23 2789.259 0.82387 
mutationRate.s:they                         2.415434 0.024952 0.965814 2.293228 0.697405 4.367511 24034.49 1498.262 2.222983
mutationRate.s:thick                        3.080118 0.034557 1.819722 2.588325 0.764258 6.713591 12986.20 2772.942 2.678723
mutationRate.s:thin                         4.034502 0.0438   2.328429 3.505661 0.800563 8.433479 12741.95 2826.096 3.535555
mutationRate.s:think                        0.452913 0.007631 0.389455 0.343383 0.007068 1.221972 13825.67 2604.573 0.31171 
mutationRate.s:this                         1.56302  0.020445 1.041849 1.284341 0.173837 3.610695 13867.61 2596.698 1.253854
mutationRate.s:thou                         0.132119 0.003969 0.171754 0.068535 0.000439 0.468027 19226.96 1872.890 0.06442 
mutationRate.s:throw                        1.536731 0.017771 0.818757 1.351962 0.548825 3.22503  16964.18 2122.707 1.381676
mutationRate.s:tie                          0.504766 0.008366 0.416241 0.383484 0.021065 1.319821 14548.36 2475.191 0.361053
mutationRate.s:tongue                       0.123691 0.003712 0.165903 0.064352 0.000478 0.445085 18025.27 1997.750 0.061181
mutationRate.s:tooth                        0.910936 0.011353 0.508439 0.824694 0.082128 1.881201 17952.98 2005.794 0.772836
mutationRate.s:tree                         1.645352 0.01658  0.681963 1.54405  0.497097 3.075019 21284.99 1691.801 1.508149
mutationRate.s:turn_intr                    3.486251 0.046462 2.502878 2.61166  0.661819 8.855061 12409.22 2901.873 2.817436
mutationRate.s:two                          0.375033 0.00723  0.35946  0.253651 0.006555 1.082101 14568.13 2471.832 0.240344
mutationRate.s:vomit                        0.855024 0.012927 0.678567 0.604593 0.086932 2.25474  13069.01 2755.372 0.642588
mutationRate.s:walk                         1.576936 0.017995 0.933512 1.314573 0.37449  3.586583 13381.26 2691.075 1.354319
mutationRate.s:warm_hot                     1.39763  0.015513 0.866302 1.157094 0.310502 3.29403  11547.02 3118.551 1.192136
mutationRate.s:wash                         2.67772  0.034862 1.645755 2.298062 0.459017 5.796956 16158.13 2228.599 2.211738
mutationRate.s:water                        2.085768 0.020071 0.993287 1.842977 0.678261 4.129626 14703.56 2449.065 1.903133
mutationRate.s:we                           0.235242 0.00443  0.234089 0.159323 0.0048   0.704748 12896.54 2792.221 0.149927
mutationRate.s:wet                          1.016781 0.015649 0.829625 0.743645 0.076372 2.70174  12812.58 2810.518 0.743156
mutationRate.s:what                         0.846119 0.012109 0.612865 0.715606 0.057652 2.052746 14058.28 2561.478 0.644408
mutationRate.s:when                         1.423911 0.021126 1.101868 1.047219 0.165084 3.587776 13236.78 2720.448 1.095086
mutationRate.s:where                        3.49523  0.050609 2.399925 2.865919 0.569755 7.990503 16013.29 2248.756 2.93192 
mutationRate.s:white                        1.154185 0.016686 0.874617 0.950805 0.088011 2.801085 13107.37 2747.307 0.848712
mutationRate.s:who                          0.389666 0.007077 0.388277 0.250388 0.013732 1.162812 11963.48 3009.993 0.247166
mutationRate.s:wide                         5.093224 0.06385  3.155136 4.320945 0.858431 11.47735 14747.05 2441.843 4.311121
mutationRate.s:wife                         1.397696 0.019266 0.879489 1.278999 0.128289 3.081509 17280.80 2083.815 1.109202
mutationRate.s:wind                         2.020884 0.026844 1.426775 1.5311   0.295176 4.826466 12747.11 2824.953 1.612401
mutationRate.s:wing                         1.007595 0.014627 0.775336 0.83518  0.059031 2.441091 12816.74 2809.604 0.731952
mutationRate.s:wipe                         6.342015 0.089461 4.412339 5.327371 1.134536 14.86115 14802.98 2432.617 5.277521
mutationRate.s:woman                        1.110403 0.017641 0.909047 0.769759 0.176149 3.099955 13561.64 2655.282 0.850118
mutationRate.s:woods                        0.574068 0.00998  0.50765  0.392367 0.028379 1.585411 13917.41 2587.405 0.390214
mutationRate.s:worm_ie                      0.134844 0.003634 0.185321 0.069096 0.000255 0.464709 13849.26 2600.138 0.066093
mutationRate.s:ye_you                       1.125887 0.013565 0.665814 1.0264   0.132599 2.368224 14947.51 2409.095 0.935762
mutationRate.s:year                         1.687642 0.021123 1.136715 1.513787 0.151468 3.77226  12434.03 2896.082 1.298321
mutationRate.s:yellow                       2.244641 0.023302 0.941517 2.114752 0.5153   4.096792 22058.06 1632.509 2.047867
bcov_alpha.s:combined                       0.023456 0.001034 0.019682 0.018491 0.000119 0.06208  99439.09 362.1312 0.01453 
bcov_s.s:combined                           0.363396 0.00453  0.078762 0.355222 0.222157 0.527568 119134.9 302.2623 0.355065
frequencies.s:combined.1                    0.962069 9.13E-5  0.004141 0.96217  0.95365  0.969776 17492.47 2058.599 0.96206 
frequencies.s:combined.2                    0.037931 9.13E-5  0.004141 0.03783  0.030224 0.04635  17492.47 2058.599 0.037704
ORCsigma.c:clock                            0.394498 0.002064 0.077085 0.385468 0.263933 0.555633 25811.60 1395.109 0.387249
ORCRatesStat.c:clock.mean                   4.52E-5  3.75E-7  1.04E-5  4.4E-5   2.69E-5  6.59E-5  46456.76 775.1293 4.4E-5  
ORCRatesStat.c:clock.variance               3.05E-10 6.63E-12 1.87E-10 2.61E-10 5.48E-11 6.45E-10 45338.57 794.2464 2.61E-10
ORCRatesStat.c:clock.coefficientOfVariation 0.369267 0.001429 0.049423 0.367399 0.276426 0.466206 30119.99 1195.551 0.365965
BirthDeathSkyContemporaryBDSParam.t:tree    -175.920 0.112198 3.302309 -175.875 -182.481 -169.462 41567.51 866.3014 NaN     
birthRateBDS.t:tree                         0.002506 1.49E-5  0.000681 0.002424 0.001362 0.003918 17201.68 2093.399 0.002419
deathRateBDS.t:tree                         0.000797 1.26E-5  0.000735 0.000593 6.45E-7  0.002285 10544.86 3414.931 0.000476
rhoBDS.t:tree                               0.858189 0.001119 0.063615 0.866804 0.733969 0.970151 11144.98 3231.048 0.855726
ORCucldMean.c:clock                         4.74E-5  4.26E-7  1.16E-5  4.6E-5   2.69E-5  6.96E-5  48211.57 746.9160 4.61E-5 
logP(mrca(chacobo))                         -5.59696 0.010173 0.55558  -5.38919 -6.74435 -5.14186 12072.55 2982.799 NaN     
mrca.age(chacobo)                           399.9691 1.318017 68.32253 387.6568 290.9637 536.0769 13401.00 2687.111 394.5650
logP(mrca(kashinawa1))                      -3.15154 0.01521  0.814078 -2.82892 -4.85418 -2.52837 12570.77 2864.580 NaN     
mrca.age(kashinawa1)                        82.99168 0.087435 4.71258  83.03610 73.66491 91.82175 12395.77 2905.021 82.85730
logP(mrca(northern))                        -5.55410 0.007867 0.457503 -5.37844 -6.43089 -5.22555 10647.65 3381.964 NaN     
mrca.age(northern)                          472.2577 1.112265 60.76198 458.5379 387.8742 595.9127 12066.34 2984.332 468.7185
logP(mrca(chama))                           -5.71556 0.015464 0.752966 -5.42515 -7.32728 -5.14186 15187.64 2371.005 NaN     
mrca.age(chama)                             324.8348 0.604969 30.90355 319.6236 277.3579 386.1861 13799.79 2609.459 323.4600
